0.91284 -0.21896 2.15412 0 26.16970 6.99648 1.59096
5.75154 -0.14880 2.83412 0 -14.54298 5.64554 0.48578
0.34380 -0.18720 0.31501 0 -0.77267 3.92301 0.29791
6.43555 -0.15230 2.68401 0 -11.50631 5.95247 0.41223
8.92961 0.12107 4.81831 0 -14.44594 -2.58321 0.53633
2.22355 -0.03864 0.71444 0 27.43652 -0.50508 0.29315
3.46830 0.31549 0.93014 0 5.54757 -7.18315 0.25787
0.21698 0.14895 0.58192 0 6.94048 -3.46575 0.56869
15.91506 0.19342 3.73203 0 -27.46288 -3.46767 0.23424
-5.88884 0.16638 5.80061 0 -10.01764 -5.46207 0.97115
-16.61586 -0.19956 8.65365 0 9.20887 5.03813 0.51996
-4.69808 -0.27430 6.56326 0 -0.97358 7.89599 1.36643
-8.88645 -0.13395 3.14131 0 13.82134 2.62182 0.35142
-0.84303 -0.09129 0.95965 0 13.93042 2.11718 0.73375
-0.91582 0.03378 0.91539 0 -18.38511 -1.69235 0.67510
0.19651 -0.28344 0.68346 0 9.21842 7.74065 0.67064
19.49703 -0.21481 9.63673 0 -29.65783 5.43291 0.49372
21.23002 0.24774 17.53477 0 -26.42080 -6.68031 0.82509
-6.44294 0.14161 1.77861 0 26.50144 -2.26429 0.27296
0.54026 -0.05388 0.30449 0 -16.17865 -0.21298 0.26793
0.96358 0.07652 0.69430 0 -25.26893 -1.18721 0.50004
11.05522 0.31466 2.59833 0 -7.18637 -6.94584 0.23428
-19.40094 0.23860 1.91569 0 2.96147 -4.48769 0.20766
3.06288 -0.07449 3.54221 0 -16.82322 2.78588 1.09944
22.71433 -0.16685 3.71569 0 25.08567 2.64400 0.21369
-6.05484 -0.06393 1.18988 0 24.36259 -0.53410 0.20228
4.06111 -0.31028 1.35786 0 -29.73365 7.63720 0.32475
2.92913 -0.10517 7.10370 0 2.05555 3.01018 2.29517
1.31990 0.22518 0.64181 0 -29.70805 -5.27954 0.38769
4.74007 -0.23581 2.71208 0 27.34979 6.17873 0.55991
-15.70744 -0.13045 9.49761 0 -0.98049 4.87050 0.60352
-6.72961 -0.10177 1.98200 0 -2.86562 1.36860 0.29148
-0.06069 -0.21709 0.51358 0 -18.63842 5.53978 0.51264
-0.32075 -0.15629 0.35200 0 -8.62202 3.20966 0.33520
-6.36798 -0.17995 1.72003 0 25.27845 7.53011 0.26892
-17.52351 -0.06240 10.20988 0 25.77918 1.07205 0.58178
10.06112 -0.10229 5.88164 0 -26.09134 2.26211 0.58181
4.41254 -0.00323 1.63522 0 -4.44793 -1.23816 0.36162
2.67388 0.26287 0.44432 0 -29.99897 -4.33851 0.15578
-9.13705 0.15200 4.31678 0 21.71559 -5.61913 0.46975
9.85256 -0.07829 2.17750 0 -24.30637 0.10046 0.22010
12.55389 0.08059 4.81560 0 -27.90409 -0.99398 0.38251
0.59924 0.17941 0.45538 0 22.42316 -3.94784 0.39065
0.83934 -0.16358 0.73671 0 -29.95259 5.94154 0.56431
20.66188 -0.01507 31.30355 0 -21.19086 0.87137 1.51330
-12.06762 -0.32570 2.92278 0 29.17930 7.49129 0.24157
-13.41949 -0.03730 7.35352 0 29.94308 2.14053 0.54655
1.98551 0.07984 1.33417 0 -29.20398 -3.17831 0.60021
1.48137 0.13249 1.89659 0 14.55291 -4.39015 1.06117
15.15011 -0.06157 9.92409 0 -23.42553 2.71787 0.65370
0.90735 -0.13523 0.50745 0 -29.95465 5.55616 0.37587
-16.44080 -0.19863 7.31081 0 -0.93419 7.28165 0.44396
0.59954 -0.18977 1.99600 0 13.92203 6.09042 1.71190
8.57234 -0.05185 4.42373 0 -13.20074 0.63800 0.51266
4.53257 -0.16861 0.98321 0 -29.38655 7.74428 0.21200
-4.42285 -0.29857 2.44855 0 -28.01679 7.97986 0.53885
-2.19396 0.19325 0.61820 0 -29.99990 -3.68356 0.26014
0.05338 0.03087 0.60995 0 13.98743 -1.68740 0.60908
9.50386 -0.05047 7.90457 0 -28.38652 2.21728 0.82721
0.78978 0.08889 0.90481 0 25.59374 -3.31751 0.71008
-0.69916 0.13741 1.19119 0 -13.29479 -3.50488 0.97625
0.26499 -0.13969 0.61414 0 -28.60834 3.39208 0.59366
5.90005 -0.13362 2.82561 0 26.94193 5.21333 0.47242
-25.90932 -0.15662 10.75550 0 -11.69314 6.07647 0.41493
1.69413 -0.26910 0.63413 0 -24.56728 6.43882 0.32245
4.96142 0.12271 3.14225 0 9.59429 -2.76310 0.62093
0.17251 0.25938 1.13630 0 -25.31905 -7.20068 1.11977
-8.90774 -0.14493 3.70438 0 -22.62791 5.72280 0.41338
4.44879 0.13479 0.99512 0 -18.88482 -6.43635 0.21833
-4.19616 0.03347 0.85665 0 -19.63508 -3.53403 0.19871
-4.72544 -0.04036 3.75737 0 21.25760 1.95203 0.77797
14.17667 0.14051 12.86408 0 -29.99163 -3.55542 0.90522
11.44221 0.10964 4.37435 0 13.98382 -1.85261 0.38097
1.94384 0.13687 1.02687 0 -26.56932 -5.15628 0.46986
-2.28301 0.21239 3.01235 0 28.20584 -6.74523 1.20863
2.72767 0.25610 1.75845 0 -26.82511 -6.68581 0.60537
-2.95320 0.09647 5.14151 0 3.35210 -2.49917 1.64908
-0.23671 -0.21032 0.99314 0 11.64245 6.95977 0.96644
-25.17254 0.28857 7.80321 0 -29.90937 -6.88626 0.33183
-25.65459 0.12201 8.41540 0 29.34881 -4.86901 0.41009
-18.14898 -0.29686 10.41753 0 -8.81200 7.99233 0.57322
3.47338 -0.23908 1.56316 0 -28.59407 5.99175 0.43262
2.26120 0.22907 1.14429 0 29.21743 -5.61739 0.46296
25.91334 0.23296 15.79804 0 -19.60730 -7.82886 0.60928
-8.06198 0.01454 2.03290 0 -12.95533 1.49480 0.27695
-0.64997 0.05530 0.26827 0 14.17738 -3.89286 0.22500
-21.91332 0.23225 13.57163 0 -2.13107 -6.00334 0.61877
0.21245 0.01209 0.51816 0 29.93916 -1.29220 0.50685
0.06085 -0.22416 0.50009 0 29.92012 7.92709 0.49917
-13.39935 0.28891 5.18320 0 -9.17672 -7.12775 0.38588
-26.89649 -0.14495 13.41061 0 -2.95761 3.38094 0.49835
-1.19772 0.09424 1.11635 0 -20.35768 -3.47348 0.71551
-12.33658 -0.19503 3.76000 0 -15.01996 7.75765 0.30395
1.40010 -0.14977 0.56377 0 5.85821 6.21717 0.32774
0.46098 -0.19030 0.43951 0 -29.82068 7.16632 0.39917
-0.27634 -0.18096 0.32221 0 -12.48499 3.81172 0.31058
9.01500 0.13824 3.82183 0 9.94470 -5.33012 0.42147
9.69500 -0.28141 5.45884 0 -25.81711 7.51739 0.56017
5.79567 -0.08732 1.72778 0 22.82715 4.48451 0.29388
-6.46366 -0.27056 4.44871 0 28.88668 7.37372 0.68024
0.31861 0.27989 0.71162 0 19.47739 -7.48281 0.67804
15.69909 -0.02966 12.45366 0 29.55774 1.61878 0.79173
-4.85821 0.38384 0.71344 0 -24.06393 -7.39567 0.14400
-0.29738 -0.20063 0.45302 0 -10.36318 7.31871 0.45269
0.98223 0.34888 0.24441 0 -29.96778 -7.36975 0.19060
0.85753 -0.11465 0.83469 0 14.67294 4.34912 0.63366
-3.20202 -0.16874 2.04209 0 15.34126 4.27550 0.60887
-16.16309 -0.07477 6.60844 0 2.43377 3.59736 0.40820
-2.53956 -0.04558 2.21532 0 28.91377 2.08178 0.81171
3.19321 0.06192 1.86533 0 19.89116 -0.85679 0.55753
0.47253 -0.10420 0.79186 0 -4.00972 3.93678 0.71597
-0.38652 0.16543 0.59536 0 -6.42962 -3.93198 0.55533
-6.72096 -0.02371 1.75857 0 -28.92797 2.78280 0.25899
0.10885 0.19096 0.86158 0 21.87688 -6.28239 0.85652
0.38873 0.23645 1.13691 0 28.74276 -6.49286 1.05967
-20.47197 -0.22224 18.84025 0 -27.07844 7.35153 0.91925
0.93856 -0.06622 0.60116 0 -29.55947 3.23021 0.44559
1.08880 -0.29738 0.62342 0 -27.62011 7.65754 0.42176
13.64844 0.17567 6.12137 0 -29.99727 -4.00747 0.44741
3.00442 0.05929 0.69762 0 15.92455 -4.06367 0.22053
-3.82335 -0.01718 4.70711 0 -29.36270 0.11507 1.06160
-17.00222 0.00488 12.46677 0 10.40715 0.63335 0.73205
-6.21488 -0.00551 3.22180 0 -7.83799 1.24645 0.51191
0.00678 0.18263 0.60983 0 -29.08823 -6.28818 0.60981
-1.92617 -0.18855 1.49115 0 24.12506 6.52979 0.68713
-0.63563 -0.13309 0.49305 0 5.20620 5.35139 0.41614
0.96727 -0.10637 1.24066 0 -6.18763 2.69170 0.89177
-0.61445 -0.14173 0.64586 0 1.51373 5.29974 0.55031
-8.83799 -0.20108 4.84938 0 28.68450 7.12234 0.54531
1.61765 0.13819 0.40406 0 -29.48375 -6.61200 0.21262
15.48408 -0.04449 10.54883 0 2.75138 2.17200 0.67992
1.47393 -0.23594 1.10193 0 -29.69651 6.27438 0.61870
26.28833 0.13562 10.35210 0 -24.65843 -2.66600 0.39363
-16.08574 0.14002 19.34646 0 23.05912 -3.68263 1.20043
-18.70696 0.10666 15.02435 0 -11.10766 -2.47296 0.80206
18.17713 0.16311 21.43240 0 -13.55704 -4.36262 1.17735
0.35962 -0.04993 0.33714 0 -1.72250 3.38692 0.28654
0.66525 0.06763 0.72887 0 -12.02879 -1.10222 0.60688
9.77993 0.28932 2.44171 0 3.50009 -6.35887 0.24856
-1.63841 -0.00506 0.57312 0 25.89758 -1.48302 0.29867
-0.54796 -0.10279 0.41835 0 -29.53443 1.76024 0.36692
-3.03764 0.21981 3.98280 0 26.21253 -6.07522 1.24545
1.34023 0.02196 0.65957 0 -12.44319 -1.87892 0.39454
1.24505 0.13026 0.81589 0 26.45125 -2.80830 0.51099
-1.72900 -0.14147 0.47721 0 -29.30455 2.15595 0.23911
0.34710 0.20074 0.28337 0 -13.50424 -3.98362 0.27126
26.71087 -0.22169 16.55516 0 -18.14877 5.85538 0.61944
-17.47787 0.21118 9.81791 0 -29.46091 -5.29277 0.56090
-18.77498 -0.08436 6.06761 0 -5.29653 1.02161 0.32287
-18.18679 -0.08966 26.94053 0 -21.35058 3.12150 1.47913
-22.21713 0.06812 13.63646 0 -1.71362 -1.12542 0.61324
2.82875 0.04743 1.06048 0 26.72114 -2.80246 0.35356
0.30310 0.30266 0.46300 0 24.33839 -7.71186 0.44310
-4.27877 0.15115 1.64295 0 -6.29717 -5.89042 0.37397
1.32444 0.10686 0.58891 0 27.86079 -1.67129 0.35493
-4.61422 -0.29599 2.77162 0 28.72779 7.98992 0.58710
-4.99705 0.05823 1.50459 0 -10.15865 -3.42298 0.29534
2.66036 -0.23467 0.54011 0 -20.96589 4.30619 0.19019
2.86622 0.04164 3.94550 0 4.71413 -0.77395 1.29978
2.90143 0.21519 1.31457 0 -9.82316 -7.67616 0.42853
3.16761 0.25245 1.22232 0 11.72686 -6.00129 0.36810
-1.12142 -0.15997 0.27782 0 -29.65711 2.07036 0.18502
-15.64679 0.10902 8.37289 0 -8.78756 -4.17147 0.53412
2.65664 0.27978 0.69097 0 -22.49988 -6.04322 0.24366
6.04781 -0.23815 8.80686 0 -24.54828 6.84137 1.43675
-0.29100 0.05629 0.28258 0 -25.39416 -3.52150 0.27134
-0.73582 -0.28402 0.37571 0 23.42406 6.75937 0.30268
-0.54422 -0.24547 0.90628 0 -12.14920 6.75162 0.79604
0.63599 0.27890 0.90560 0 27.28309 -7.54652 0.76417
9.13832 -0.04243 6.21382 0 -8.98341 0.59700 0.67601
-0.74721 -0.16530 0.54463 0 -0.24996 6.27822 0.43632
0.02780 -0.05397 0.22737 0 24.97076 -0.55283 0.22728
1.91475 -0.19094 1.07221 0 14.21710 6.91190 0.49644
0.52086 0.22395 0.97462 0 19.53711 -7.27978 0.86441
-3.98246 0.22645 3.21634 0 29.72789 -7.42318 0.78335
-24.59042 0.15347 14.71479 0 -18.73719 -5.41666 0.59798
-23.89331 0.23130 23.18414 0 10.73398 -6.29210 0.96952
-15.56354 -0.03572 6.37058 0 3.12178 2.41225 0.40860
-5.45506 0.22470 2.84727 0 28.70438 -5.60273 0.51347
-2.75035 0.16400 1.18989 0 -19.03256 -3.54646 0.40671
-8.80621 0.11245 2.66446 0 -28.09662 -1.57691 0.30079
-7.53057 -0.04228 1.72574 0 -6.18381 -0.90280 0.22738
0.32080 -0.11158 0.86340 0 29.99934 4.06520 0.82213
0.78780 -0.09153 0.89823 0 -4.24603 3.56423 0.70562
1.85642 0.03175 1.14983 0 -8.97547 -1.81266 0.54536
15.92148 0.11596 6.58255 0 1.90707 -4.67550 0.41274
1.55074 -0.07951 1.40041 0 27.75610 1.78883 0.75899
1.06004 -0.01027 0.47594 0 18.03752 1.96014 0.32669
3.99548 0.06841 1.25813 0 -9.21508 -3.67311 0.30570
8.43889 0.03847 3.24925 0 28.09325 -2.41961 0.38248
2.80421 0.27938 1.23755 0 -9.08068 -6.95361 0.41576
15.22496 0.24398 8.41536 0 29.77661 -6.20284 0.53055
-0.02384 0.11701 0.55808 0 -28.90643 -2.49990 0.55792
6.08687 0.09766 3.45705 0 -21.32738 -3.78000 0.56052
-3.56495 0.26379 1.47493 0 10.42384 -6.44299 0.39849
-1.75132 -0.21385 0.64255 0 -9.54805 4.81600 0.31873
3.78051 0.09515 1.74557 0 29.49218 -3.94381 0.44653
5.11839 0.01924 4.35883 0 -20.09664 0.11553 0.83593
2.93056 -0.17847 2.96026 0 -9.04666 5.99965 0.95605
1.24810 -0.21458 0.53390 0 20.07188 4.91250 0.33393
4.06801 -0.22104 1.93923 0 -3.15495 7.92036 0.46301
-0.76916 -0.22908 0.87499 0 23.39493 7.75930 0.69359
-0.35157 -0.17418 0.47931 0 -28.78487 4.13820 0.45219
-2.80523 -0.07549 1.84459 0 13.15836 3.18237 0.61949
0.46460 -0.26800 0.26617 0 -27.12065 5.84848 0.24143
-13.69451 -0.11158 10.94922 0 -4.44492 2.77850 0.79747
9.70610 0.11681 6.31258 0 19.61702 -4.23493 0.64702
-0.10696 0.20515 0.60092 0 28.38255 -5.17314 0.59752
-5.82526 -0.03518 4.23453 0 29.41633 0.42264 0.71654
-20.03362 0.21448 7.86221 0 6.11089 -7.77804 0.39209
-24.35727 -0.27262 32.66562 0 2.19188 7.83796 1.34002
1.24031 0.08409 0.34900 0 -24.84428 -0.10073 0.21914
11.31060 0.15400 18.30054 0 -9.56301 -4.86842 1.61174
-0.12751 0.19880 1.72768 0 22.55706 -6.20030 1.71380
-0.48991 0.09720 1.97730 0 23.93916 -3.12725 1.77567
-2.83477 -0.20422 2.27935 0 -3.22918 5.49756 0.75833
-0.24523 0.19372 1.50190 0 28.04284 -5.36181 1.45868
-1.85168 -0.18473 1.17013 0 29.97615 4.66656 0.55607
0.91410 -0.27932 0.51113 0 -1.42438 6.97998 0.37729
1.28433 -0.00886 0.92298 0 -24.09360 -0.55465 0.56710
17.61756 -0.06658 9.66106 0 -29.99927 1.14200 0.54758
-2.14011 0.20185 1.82766 0 2.85947 -6.68228 0.77378
0.74939 -0.18743 1.77162 0 -11.46703 5.32552 1.41533
0.52427 0.03133 0.31022 0 -22.97246 0.97890 0.27857
-0.13348 0.25806 0.72522 0 -6.83839 -6.88646 0.71884
4.24699 -0.08046 3.27482 0 -7.29418 1.80951 0.75064
8.28757 0.01937 4.02426 0 -22.05082 -1.56330 0.48218
0.82159 -0.23377 0.96059 0 29.82309 7.84896 0.74224
1.16046 0.22685 0.73870 0 28.67319 -5.59840 0.48228
-5.39598 0.13474 3.43905 0 10.04861 -3.12864 0.62675
-5.33638 -0.29002 3.55986 0 -6.83900 7.91497 0.65573
-0.37369 0.00326 0.82678 0 -2.40965 -0.67685 0.77448
-3.91823 -0.12793 4.94887 0 -2.43957 4.34858 1.22387
-0.34393 0.19025 0.73273 0 29.98665 -6.41227 0.69290
-0.00156 0.10894 0.85843 0 -27.76687 -2.58322 0.85843
-0.81254 0.27110 1.17624 0 4.15085 -7.43521 0.91290
-0.84180 -0.03973 1.04422 0 -23.90047 0.63248 0.79887
1.73215 0.19253 0.64738 0 -17.60053 -7.40236 0.32378
-15.54569 -0.17290 4.33676 0 26.88263 6.90828 0.33269
0.77362 -0.29288 0.31584 0 24.97963 6.63454 0.24988
13.29885 -0.14276 8.33884 0 14.45181 3.52748 0.62535
18.32010 0.05757 21.39367 0 -9.48867 -2.08734 1.16608
2.18976 -0.13990 1.97084 0 21.92778 3.63894 0.81873
3.80164 0.07733 3.15507 0 29.67306 -1.59783 0.80270
13.40774 -0.19164 4.70865 0 -29.11398 7.40460 0.35035
-5.39647 -0.13320 2.54330 0 -22.15827 2.95454 0.46351
-25.76650 0.16648 6.56542 0 26.71368 -6.83729 0.28363
0.19266 0.23793 0.69762 0 -1.38682 -6.25555 0.68503
-16.91696 -0.07034 11.23684 0 -26.95328 1.48470 0.72666
-15.62560 -0.09084 8.19061 0 -26.19074 1.82207 0.52320
12.03609 0.09051 6.74504 0 -6.22795 -3.56652 0.55856
1.11920 -0.06454 1.33393 0 28.35515 2.59790 0.88881
1.43028 -0.05257 1.07641 0 10.26863 2.49353 0.61684
2.69468 0.15150 1.59222 0 -29.38072 -5.42817 0.55407
14.64399 0.21398 9.21623 0 -14.68831 -5.47704 0.62797
8.66526 -0.00173 5.22487 0 29.99946 0.98704 0.59907
-0.10896 -0.12537 0.49321 0 28.13449 2.78310 0.49031
0.23502 0.08752 0.86607 0 28.86550 -1.93317 0.84310
2.45556 0.21613 1.73703 0 20.98474 -7.24836 0.65520
2.63283 -0.05196 0.65759 0 -29.71579 3.86565 0.23364
6.36175 0.07756 5.26361 0 23.58416 -2.87875 0.81741
23.24589 0.16485 19.44328 0 24.04163 -5.50576 0.83570
13.72027 -0.01782 5.44483 0 -20.07862 1.91179 0.39592
-2.55893 0.08500 2.58651 0 0.43536 -3.01950 0.94150
-26.50888 -0.08348 18.78996 0 -28.59352 1.85891 0.70838
-0.86256 -0.17601 0.48494 0 -12.33472 3.92500 0.36725
-0.32872 0.17839 0.67929 0 -4.64231 -6.10929 0.64532
0.11705 -0.03934 0.61226 0 -5.06596 2.10654 0.60811
-1.95385 -0.25733 4.55750 0 23.29878 7.53143 2.07644
-0.55189 -0.25427 1.66705 0 8.99370 7.32701 1.45954
-6.05653 0.04702 3.46609 0 27.95107 -0.42296 0.56473
15.02880 0.00442 23.43629 0 -6.73675 -0.37998 1.55602
2.32960 0.03083 2.60325 0 -0.48443 -1.34282 1.02689
0.60527 -0.22541 0.67262 0 -24.41019 5.89866 0.57544
0.74240 0.21547 0.59074 0 12.42822 -5.24576 0.47435
13.74785 -0.07923 8.41000 0 -21.24341 3.30809 0.61020
26.41200 0.04181 16.94490 0 -0.47601 -1.98198 0.63550
-19.74953 -0.08411 8.58055 0 -5.55968 3.80473 0.43403
-23.85397 0.01593 14.38308 0 29.96922 0.45182 0.60252
22.62146 0.06818 7.43372 0 -7.49781 -3.54673 0.32844
0.99711 0.02720 0.29651 0 -20.82199 1.70639 0.21007
8.61906 -0.11010 3.08304 0 26.23835 1.90424 0.34874
0.20440 -0.18398 0.63804 0 29.88869 4.74905 0.62511
-7.55106 -0.20736 11.57461 0 -29.93459 6.66219 1.51961
-1.03594 0.19299 1.30330 0 -29.75520 -6.30971 0.90518
0.23094 0.21624 1.75870 0 -24.56731 -6.08785 1.71360
-11.14918 -0.11406 5.28907 0 19.22031 2.40786 0.47260
2.02951 -0.25241 1.43944 0 29.94979 6.78363 0.63629
1.40593 0.19498 1.15098 0 23.50651 -4.96558 0.66717
-0.67635 0.02599 0.80362 0 29.49932 -1.46870 0.66568
0.70295 -0.19186 0.39633 0 8.72396 4.20173 0.32429
22.65824 0.02237 9.85866 0 -0.93105 -1.77038 0.43479
-2.73690 -0.22609 0.32341 0 -9.31825 4.08772 0.19213
2.19085 0.17723 1.35138 0 -8.33021 -6.20115 0.56118
-1.53619 -0.26126 1.27068 0 29.97355 7.11524 0.69330
-11.89839 0.18506 4.17421 0 5.26422 -3.95733 0.34973
2.02312 0.17162 0.76592 0 -21.28252 -6.67226 0.33952
-7.04084 0.18019 3.78393 0 -10.47244 -4.32742 0.53218
6.92603 0.03723 7.04473 0 -28.54390 -0.52726 1.00675
2.77451 0.30044 0.73320 0 28.37302 -6.67741 0.24875
6.07278 -0.07940 2.73415 0 8.40017 1.30745 0.44435
-11.90598 0.24630 14.05909 0 -23.73641 -7.78593 1.17674
0.25844 0.02191 0.43896 0 -18.49214 0.62730 0.42501
24.10782 -0.33710 5.21952 0 25.62927 7.54884 0.21655
-0.93658 -0.00322 1.16384 0 26.03282 0.78004 0.84949
-0.04101 -0.20239 1.11922 0 24.99144 6.64158 1.11828
0.07305 -0.08104 0.35787 0 -18.03601 1.07423 0.35692
0.62768 0.12290 0.49652 0 29.70203 -2.37296 0.42057
-0.00108 -0.14066 0.36037 0 17.06788 2.85633 0.36037
-1.65672 0.23261 0.62802 0 -21.97354 -5.22986 0.32465
-5.20955 -0.27884 3.46000 0 17.86170 7.58213 0.65232
0.15188 -0.15342 0.33963 0 17.49488 3.12798 0.33578
6.71953 0.04851 8.59801 0 25.49793 -1.78003 1.26566
17.18438 0.25535 41.30767 0 21.63700 -7.34601 2.39975
-13.39759 0.03968 8.24600 0 24.36134 -1.94622 0.61386
-2.18604 -0.07810 1.56568 0 22.90719 1.63513 0.65144
1.13153 0.18251 0.35360 0 -22.87539 -3.15061 0.23428
-0.49587 0.15558 0.49022 0 18.60493 -5.80918 0.43922
2.97258 -0.27712 2.12343 0 -0.78784 7.56282 0.67708
-3.42545 0.15642 3.10942 0 28.57704 -5.22372 0.87146
0.89708 0.04959 0.66489 0 28.98894 -2.44765 0.49498
0.88054 -0.06316 0.27513 0 3.60780 4.50922 0.20659
-2.44398 -0.00502 0.71579 0 -13.07839 2.12478 0.27129
-12.13663 -0.30545 3.01607 0 -23.15796 6.97469 0.24787
1.75133 -0.17647 2.62541 0 -22.14302 5.78844 1.30185
-5.81557 0.19151 8.25343 0 -27.92435 -6.05177 1.39871
-0.26729 0.22907 0.81272 0 -23.62069 -6.09936 0.79041
-10.12353 -0.07163 14.93461 0 -12.18901 1.87987 1.46813
-13.99406 -0.15641 9.17023 0 -1.25924 5.59172 0.65370
-12.99016 -0.08734 6.80154 0 -16.95794 1.71580 0.52214
-3.42352 0.09668 1.17975 0 22.86304 -1.26375 0.33085
9.35235 -0.24866 11.82471 0 -22.60365 7.98896 1.25723
0.67409 -0.05537 0.65605 0 27.43006 0.80086 0.54403
-0.20050 -0.03012 0.44999 0 29.99602 2.14929 0.44121
-3.55539 -0.25893 0.90141 0 14.14669 5.61355 0.24420
-0.76455 -0.09899 0.54071 0 22.61693 1.85112 0.42961
-0.46276 0.15753 1.03139 0 22.38391 -4.08116 0.93603
1.25778 0.10160 1.03752 0 -16.99556 -3.77565 0.64572
3.88925 -0.24847 2.47752 0 25.92081 6.64096 0.61700
-6.10438 -0.09901 5.90815 0 -29.79008 3.59675 0.95517
-3.26238 -0.01096 1.87024 0 29.99822 1.34425 0.54822
-5.36079 -0.04279 1.00623 0 20.11063 -1.41291 0.18462
1.53409 -0.07910 1.26186 0 -14.93571 1.70802 0.68911
2.93657 -0.20992 2.01829 0 7.63054 7.22692 0.65068
0.91713 -0.10436 0.93851 0 7.30419 3.96760 0.69171
1.24871 -0.12014 0.93493 0 29.99370 2.79733 0.58446
-2.46517 0.25493 1.62163 0 -25.22160 -6.65778 0.60967
-1.60567 -0.23138 1.66477 0 20.01788 7.65666 0.88013
2.17364 0.05396 1.87224 0 13.68242 -0.88275 0.78254
-12.71854 0.14959 3.60870 0 -25.98347 -6.31544 0.28303
-16.51291 -0.21267 12.68630 0 29.86247 5.75569 0.76692
0.96032 -0.10096 0.82558 0 -17.77179 2.24303 0.59552
1.64581 -0.07787 0.92728 0 -13.48772 3.49568 0.48157
1.17954 0.14607 0.93105 0 26.27551 -3.43112 0.60212
-1.84657 0.27440 0.53225 0 -21.03770 -5.97537 0.25358
-1.02966 0.01672 0.81043 0 4.42559 0.48518 0.56467
-8.15591 0.15576 3.53635 0 -19.00388 -3.37403 0.43048
-4.15534 -0.16263 2.87742 0 10.90673 4.17668 0.67327
6.74260 0.02510 4.58005 0 25.97565 -1.43457 0.67199
-1.23557 0.08547 0.55173 0 -6.98465 -1.00337 0.34722
5.16866 -0.28348 0.93061 0 20.02029 5.48625 0.17697
-0.30909 0.02328 0.43935 0 28.58273 -1.84006 0.41976
0.33952 -0.03827 0.49957 0 -29.57885 0.14812 0.47306
-0.91816 0.05915 0.89272 0 17.04288 -2.47759 0.65762
0.17343 0.12268 0.73219 0 -17.83574 -4.32852 0.72142
6.00375 0.02971 9.80390 0 0.90299 -0.49258 1.61082
23.22257 0.06656 5.46566 0 -29.64848 -4.13533 0.23535
17.89105 0.12842 13.74880 0 -26.69603 -4.45827 0.76734
10.28362 0.27103 3.09045 0 19.16043 -6.20236 0.29927
3.83662 0.09427 1.47500 0 25.92669 -4.15432 0.37208
-0.34082 0.07823 0.35194 0 19.12386 -3.83093 0.33313
-7.87697 0.04890 4.78892 0 24.73339 -2.23919 0.60320
-4.88661 -0.05178 1.41784 0 16.18366 3.45668 0.28445
1.16293 0.18311 1.08470 0 -25.96547 -4.65899 0.70726
0.56121 -0.27770 1.16328 0 -20.91180 7.85424 1.01446
2.54996 -0.11759 0.50734 0 -29.89310 0.86799 0.18790
1.91087 -0.06318 1.43954 0 -17.83315 2.72784 0.68721
0.59442 -0.11066 0.82503 0 -28.38056 2.67060 0.70921
2.01613 0.11054 0.69048 0 -7.47118 -1.55457 0.30694
-25.31727 -0.29594 7.67237 0 -6.52277 7.10366 0.30297
-17.34301 0.28328 8.60005 0 6.03573 -7.27955 0.49516
-11.67084 -0.13584 7.34368 0 -13.89099 3.32401 0.62701
-2.35446 0.05939 1.48362 0 20.31710 -2.59025 0.58009
-3.45295 -0.09647 0.84197 0 13.71153 5.23061 0.23439
-4.71174 -0.06974 3.13236 0 -11.37029 1.38414 0.65036
0.27049 -0.02441 0.75800 0 -9.48048 1.51394 0.73171
5.61177 -0.12969 1.70937 0 -25.41817 2.24476 0.29996
-5.25004 -0.16796 3.69723 0 -20.33346 5.89720 0.69190
2.38000 -0.14520 0.87979 0 3.95355 2.90885 0.34091
0.47861 -0.02808 0.90555 0 29.88832 0.29765 0.81683
0.56434 -0.01141 0.46938 0 -25.88843 1.67753 0.40881
0.76855 0.16452 0.41472 0 -23.40850 -3.25974 0.32890
-3.94988 0.15129 2.04244 0 -25.65291 -5.52446 0.50144
-4.33001 -0.05815 4.49906 0 2.17797 2.33443 1.01249
7.25051 -0.00925 4.45861 0 26.53561 1.19886 0.60925
-7.77155 0.21527 3.29658 0 -29.99935 -7.70286 0.42083
-0.17429 -0.00057 0.98235 0 22.35432 -0.43000 0.96776
1.23163 -0.04458 0.60530 0 6.33533 2.77025 0.38161
-9.34495 -0.20466 6.35049 0 29.15421 7.03449 0.67578
1.52958 0.28369 0.55164 0 -6.21814 -6.58338 0.30200
8.71111 0.08848 2.54030 0 6.85080 -0.80158 0.28988
3.09492 -0.24325 1.37113 0 17.20584 6.08169 0.42178
-1.59037 0.19601 1.40462 0 27.32612 -5.08170 0.74774
-1.32683 -0.17332 0.86223 0 -20.37232 4.26182 0.51903
8.06478 -0.10026 3.14394 0 -29.94383 4.44469 0.38700
17.16191 0.02175 4.53320 0 23.75848 -2.52333 0.26388
17.73293 -0.17092 4.01476 0 29.99111 7.64632 0.22626
-0.69599 -0.17507 0.52434 0 0.10534 4.10601 0.43040
6.62181 0.24336 3.84297 0 -13.84749 -6.26201 0.57393
0.54333 -0.04339 0.53866 0 20.55917 0.30201 0.47333
-5.45953 0.14860 3.29019 0 6.91163 -3.49263 0.59285
-4.28246 0.02436 2.47999 0 20.07520 -1.55864 0.56402
-13.64413 0.22260 6.56401 0 -20.80147 -7.76248 0.47990
11.85485 -0.08589 2.72406 0 22.74881 4.95542 0.22918
6.17317 0.15199 4.10782 0 11.30914 -3.67905 0.65694
3.58998 0.22106 1.08911 0 27.71393 -4.71388 0.29231
-4.78796 0.02420 1.47909 0 16.91505 1.04714 0.30251
3.46247 -0.14207 1.50907 0 2.74060 3.09839 0.41884
18.53644 0.20328 12.56842 0 -29.84281 -6.80790 0.69454
19.40794 -0.09553 4.39139 0 -22.16341 5.12623 0.24229
-8.92105 -0.13760 3.10467 0 -10.28714 5.72369 0.35278
-1.23153 0.11332 0.99841 0 -29.97767 -2.49501 0.62940
-4.44384 -0.17112 2.94416 0 24.09717 4.39590 0.64640
10.46903 -0.23530 7.05831 0 -26.79429 6.32416 0.67123
-21.64642 0.08682 12.27667 0 -29.52478 -1.61496 0.56663
-1.53832 -0.08138 0.69334 0 18.80597 3.90142 0.37798
-6.57762 -0.14163 4.35842 0 -7.58436 3.53176 0.65516
16.40555 -0.31243 6.46675 0 11.00249 7.99873 0.39357
0.77484 0.10847 0.55697 0 -26.93348 -1.99959 0.44030
-16.07484 -0.23460 10.01504 0 -19.31118 6.23940 0.62190
4.19975 0.14692 0.91506 0 25.88050 -6.89254 0.21220
26.02427 0.10988 10.57980 0 -23.23289 -1.94391 0.40636
0.16582 0.10809 0.29867 0 29.18961 -1.41216 0.29465
-0.09225 -0.15993 0.44699 0 -14.82458 3.69931 0.44510
-3.14933 0.15845 1.53040 0 23.98561 -3.53882 0.46328
1.32138 0.23626 1.30162 0 -16.51799 -7.72050 0.78552
1.64957 0.30626 0.66855 0 -19.44876 -7.46681 0.34668
-14.36099 -0.06926 6.88286 0 -7.87451 3.24228 0.47822
0.44312 -0.00436 0.40723 0 24.61952 1.58820 0.37233
0.46580 0.22031 0.43644 0 20.04584 -5.16459 0.39565
12.61637 -0.07635 12.52157 0 -0.93572 1.85196 0.98943
-13.59907 -0.30172 5.42926 0 23.05489 7.70582 0.39828
2.19295 0.19664 1.34946 0 7.97473 -4.86251 0.55995
24.61911 -0.17428 17.20882 0 -26.25757 4.55030 0.69850
5.59753 0.09072 3.90310 0 -9.91056 -3.39821 0.68645
-5.19771 0.14230 2.74620 0 5.07963 -5.21356 0.51893
-0.12517 -0.15101 0.25299 0 15.26482 6.77322 0.25103
-0.17744 0.11107 0.87127 0 24.46757 -3.86070 0.85787
-3.85332 0.06333 1.57094 0 26.61040 -0.52057 0.39470
21.68412 -0.06795 7.73826 0 29.85426 0.68255 0.35662
18.42919 0.02190 7.65885 0 -14.96594 -1.81232 0.41509
-0.04646 -0.31412 0.33134 0 29.90265 7.77957 0.33098
-0.82260 -0.14051 0.77248 0 8.83525 3.42061 0.59660
-0.11964 0.11372 0.69157 0 29.14783 -2.57533 0.68667
1.40354 -0.23967 0.38972 0 -20.60647 4.88873 0.22628
-16.82029 0.01515 5.57079 0 29.96142 1.17439 0.33076
27.03660 -0.13400 14.21218 0 -5.89427 5.11051 0.52540
5.29269 -0.27563 2.51107 0 1.53056 7.14987 0.46629
23.31788 -0.09097 14.26399 0 7.38913 3.66206 0.61124
4.26275 -0.03388 1.09646 0 29.44882 -0.94543 0.25063
5.36481 -0.10530 2.70117 0 -8.25277 4.29888 0.49504
5.56651 -0.08183 3.89496 0 -11.57520 1.78926 0.68874
2.69846 0.02458 1.34384 0 -11.37899 -1.75506 0.46702
4.55726 0.08556 2.20236 0 28.94651 -1.39619 0.47210
-21.86010 -0.14055 15.04267 0 -5.70304 3.53695 0.68749
4.55326 0.00560 3.24300 0 -7.85862 0.64825 0.69574
12.24755 -0.05881 8.40724 0 13.63531 1.09639 0.68424
22.24255 -0.07949 15.22248 0 26.63416 3.22415 0.68377
-26.47637 -0.18772 12.59526 0 -13.37170 6.86248 0.47548
-4.82766 0.00993 2.01411 0 -7.08186 1.03534 0.40872
2.26510 -0.10373 1.59487 0 -28.81893 4.00448 0.64419
4.44393 -0.12442 6.06030 0 28.45824 3.42186 1.33048
2.28097 -0.09592 1.09163 0 20.47563 4.15172 0.43838
1.05613 -0.03572 1.07741 0 6.81282 1.84565 0.74081
-3.83706 -0.19625 2.58236 0 13.60928 6.80868 0.65136
9.00559 -0.07920 17.05740 0 -10.75193 2.73174 1.88255
-1.90285 -0.22254 0.68855 0 -24.28900 5.07783 0.32042
-0.48737 0.07276 0.70934 0 -13.62398 -1.29629 0.63766
0.06892 0.04987 1.23091 0 15.29537 -1.83328 1.22800
-9.49509 -0.25750 2.29443 0 20.37562 5.53913 0.24052
-5.44870 -0.09751 2.60709 0 20.47069 4.11727 0.47074
-1.07819 -0.03493 0.90362 0 -24.70092 0.29677 0.61452
10.58964 -0.14112 4.97659 0 -4.26863 3.19989 0.46797
-4.99077 -0.15297 3.58256 0 29.65394 3.92360 0.70393
3.96805 0.26982 1.73978 0 -27.28319 -6.70490 0.42531
22.78887 -0.26569 16.63153 0 12.89133 7.28481 0.72917
-1.98621 0.00510 0.95975 0 19.14340 -1.25804 0.43169
19.55149 0.22583 14.04204 0 -24.45299 -7.47035 0.71734
-2.68375 0.04621 1.66023 0 -28.40253 -2.19262 0.57979
1.76632 -0.04541 0.71778 0 27.10965 2.90281 0.35374
8.63074 -0.00762 2.42582 0 -20.92338 -1.52493 0.27937
1.99106 -0.15503 1.09913 0 -0.34358 3.66895 0.49339
19.84683 0.13467 10.43871 0 -13.77537 -2.96691 0.52539
2.82694 0.06047 1.88795 0 26.87986 -0.91858 0.62967
4.71696 -0.23400 6.43400 0 26.57993 7.51886 1.33441
-0.68061 0.03688 1.21879 0 29.62348 -0.51731 1.00759
-2.20326 0.00247 2.05433 0 -23.21893 -0.59504 0.84910
-5.99781 -0.02587 2.60987 0 -11.80636 -0.33381 0.42939
-7.94566 0.13270 6.35253 0 -0.43251 -3.24194 0.79330
-1.22405 -0.18536 1.21237 0 21.72473 4.94639 0.76707
6.06474 0.31102 1.99422 0 -29.68165 -7.49488 0.32459
4.68661 0.36321 0.85532 0 -7.63576 -7.57283 0.17865
19.56675 -0.13462 10.92427 0 -10.87728 3.18502 0.55767
3.92220 -0.29203 1.15388 0 -23.38236 6.87897 0.28519
-3.70487 -0.17287 1.07060 0 -28.58394 3.47256 0.29270
-3.34961 -0.20880 2.15449 0 -27.67643 7.19489 0.64910
1.64844 0.04767 1.06000 0 13.78255 -2.28524 0.54984
-1.80015 0.19919 0.63264 0 -18.77192 -7.70451 0.30731
2.57937 -0.12040 3.11140 0 -12.67361 4.15933 1.12479
0.02769 -0.19791 1.29026 0 -9.16879 6.44058 1.28977
-1.53304 -0.15184 1.30882 0 25.64882 5.38203 0.71511
-17.09967 -0.22232 14.97969 0 3.06345 6.12771 0.87459
0.69664 0.04189 0.69430 0 25.63452 -2.07817 0.56972
16.62831 -0.19828 11.14540 0 -24.96315 6.84796 0.66913
6.76769 0.04790 1.46607 0 29.13876 -3.78059 0.21452
-3.91815 0.06897 1.89711 0 -28.65712 -3.09181 0.46925
0.83159 0.11751 1.92945 0 -26.74604 -3.09317 1.48352
-1.61421 -0.15617 1.69095 0 0.51459 5.36526 0.89054
-2.49483 -0.23053 2.34393 0 22.77676 7.63668 0.87209
-23.29533 0.22988 36.10757 0 -29.44681 -7.17367 1.54860
0.70186 0.06902 0.62963 0 -14.06305 -2.99405 0.51538
3.46475 -0.15568 1.57440 0 -2.35124 3.55131 0.43673
10.95526 -0.23848 2.94083 0 -29.97689 5.21383 0.26751
13.55853 0.08154 10.42335 0 -28.91039 -1.69374 0.76675
5.10990 0.08116 4.72930 0 -29.73679 -1.78692 0.90832
-1.31426 0.06187 1.54244 0 -16.04295 -2.32669 0.93403
-9.32616 0.16838 4.39481 0 21.73605 -3.84529 0.46865
25.75287 0.09504 10.86805 0 13.62712 -4.00988 0.42181
-1.96873 -0.04920 0.81532 0 -13.95100 0.17149 0.36933
-1.27927 0.07026 1.44427 0 -24.37478 -1.44894 0.88950
1.58863 -0.17391 3.43863 0 21.04287 5.59134 1.83184
1.48265 -0.18484 2.17381 0 15.92778 6.07122 1.21555
0.58101 -0.08519 0.71582 0 29.98820 1.80540 0.61896
0.43723 0.21382 2.30406 0 29.97773 -6.07520 2.11109
0.05774 0.03703 0.25989 0 -20.62351 -3.02200 0.25946
-10.09632 0.24691 2.38243 0 29.26026 -5.02114 0.23503
-8.62786 -0.22190 5.42749 0 -9.30398 5.86925 0.62496
-2.36233 -0.02929 5.65740 0 -19.59173 1.19207 2.20539
-5.02404 0.14625 2.77967 0 -1.78907 -5.28880 0.54267
0.98075 0.17719 1.57470 0 8.68618 -5.72666 1.09448
-0.32168 0.06963 0.78269 0 29.98780 -2.70122 0.74510
-3.19783 0.22164 1.01225 0 9.57183 -4.78991 0.30220
-1.36448 -0.01373 1.75081 0 28.85085 -0.00068 1.03498
-2.09212 0.28634 0.81397 0 24.17922 -6.91232 0.35111
-5.58165 0.02907 3.63526 0 -28.92506 -1.59081 0.64114
-3.75969 0.23544 8.85045 0 -27.01483 -7.22647 2.27496
-5.15826 0.03405 2.30568 0 -28.71288 0.22513 0.43887
-9.66804 -0.12756 2.41659 0 -3.12370 6.06107 0.24882
-4.81522 0.29554 2.15322 0 9.74045 -7.48969 0.43769
-7.36108 0.27839 2.80095 0 13.79666 -6.78990 0.37717
-4.92393 0.16444 1.53811 0 26.45751 -6.62747 0.30634
2.46421 -0.28227 1.61812 0 29.84211 7.62146 0.60851
-1.63213 0.00725 1.13166 0 -29.37651 0.72860 0.59129
12.63176 0.10166 7.03910 0 -21.21099 -2.03914 0.55560
2.29136 -0.07509 0.86129 0 5.82372 0.84571 0.34464
1.75359 -0.18999 0.98235 0 -29.15597 6.90516 0.48669
0.67162 0.02348 0.64062 0 28.62473 -1.58742 0.53184
-0.61128 0.10851 0.30638 0 25.12980 -5.12596 0.27133
-0.67378 0.02428 0.73143 0 29.68908 0.19581 0.60661
1.87109 0.22659 1.22086 0 -21.10192 -7.68810 0.57552
-4.27856 0.14102 5.12909 0 -29.06216 -3.70009 1.16739
-6.04371 0.00598 2.03769 0 28.48809 1.44120 0.33272
4.36802 -0.13734 1.48814 0 -29.61763 2.63729 0.33223
1.83116 0.15526 1.10953 0 29.94155 -5.58377 0.53186
0.09787 -0.14588 0.82329 0 3.83447 3.81733 0.81938
0.38614 0.14912 0.62826 0 -23.18341 -3.49816 0.58609
-7.43093 0.03551 4.67963 0 16.21127 -1.80665 0.62420
-3.28605 0.20400 0.90723 0 1.06134 -4.02792 0.26428
22.54438 0.09892 9.09523 0 21.23780 -1.60819 0.40316
9.53226 0.10744 3.10731 0 -26.64844 -4.76833 0.32435
8.89515 0.26493 2.58406 0 24.93396 -5.96173 0.28885
6.01187 -0.00748 3.22343 0 -24.36160 1.27356 0.52901
-0.60550 0.07233 0.29730 0 29.94138 -4.14333 0.25436
-1.89795 0.25676 2.19333 0 16.80574 -7.07606 1.02244
-20.38142 0.18210 25.77888 0 -5.40807 -5.80881 1.26334
1.24329 -0.15578 0.86858 0 25.06484 3.78994 0.54442
1.36084 0.15641 1.10743 0 -9.27105 -3.80893 0.65582
3.44108 0.25887 2.07185 0 24.80955 -6.72482 0.57823
3.05304 -0.01781 2.15086 0 -28.60463 -0.14811 0.66955
1.08308 0.13855 1.59813 0 1.03633 -4.56274 1.08414
3.41335 0.25767 3.11928 0 27.29222 -7.01337 0.87705
-2.86111 -0.01759 1.10028 0 2.85863 2.02285 0.36311
-0.74733 0.22331 0.57389 0 -23.56127 -7.83651 0.45973
-0.95439 0.00989 1.77839 0 1.28506 0.18198 1.28652
13.37682 0.17843 7.24089 0 -13.88707 -4.28956 0.53988
-13.50311 -0.06649 14.53454 0 -10.97312 2.55644 1.07349
3.34435 0.19409 1.45610 0 -19.24689 -7.05990 0.41727
-0.13726 0.14841 0.71435 0 27.27207 -5.12317 0.70772
1.31244 -0.09952 0.67591 0 29.87596 4.34582 0.40971
-5.31442 -0.25046 1.26709 0 24.53313 5.28059 0.23452
-10.30749 0.12305 8.06924 0 -8.19579 -4.28523 0.77926
2.99764 0.09381 3.66099 0 -12.14980 -3.18150 1.15861
-0.52520 0.13786 1.25065 0 -10.22104 -3.58152 1.10724
-12.12617 -0.09330 5.47512 0 -29.54934 4.04068 0.45009
0.79005 -0.27114 0.73400 0 23.02553 7.24361 0.57597
5.82939 -0.19948 3.59987 0 24.25442 6.96686 0.60875
15.41596 -0.06405 7.16634 0 16.51950 0.89796 0.46399
-1.90218 0.16520 0.68174 0 -24.90989 -6.58792 0.31735
-3.67771 0.30461 1.47027 0 12.52496 -7.58205 0.38591
-7.86388 0.21571 5.91241 0 26.99128 -5.66335 0.74590
-0.46387 -0.22055 0.61805 0 12.47469 5.73118 0.56068
2.43475 -0.18512 1.18212 0 22.04213 6.85085 0.44920
4.69818 -0.05658 3.67877 0 28.66317 1.10947 0.76599
1.13193 -0.23086 0.92603 0 -5.83418 7.92095 0.61316
6.18121 0.28471 4.36517 0 -7.27069 -7.64710 0.69720
-3.32976 -0.10473 1.87437 0 6.72312 2.26497 0.53927
1.37188 -0.14823 0.84681 0 22.43583 3.47899 0.49885
3.95962 0.05204 3.68144 0 1.05429 -0.91151 0.90152
0.41815 0.11442 0.60853 0 24.30193 -4.28703 0.56143
1.26262 0.16547 0.67198 0 3.49675 -3.62228 0.41726
8.04311 -0.08207 3.50391 0 -26.18450 1.35513 0.43242
4.18890 -0.25560 2.42960 0 -16.79472 6.76788 0.56432
-2.83793 0.14709 0.57295 0 10.64412 -7.20336 0.19051
-0.69133 0.04134 0.73574 0 -5.05940 -2.00822 0.60522
7.07082 0.16735 2.15464 0 29.97583 -6.74485 0.30188
-0.39743 -0.03345 0.72461 0 28.77903 0.32536 0.67340
8.03575 -0.11272 6.27912 0 11.02611 4.13836 0.77548
5.94023 -0.21566 3.87810 0 29.91461 5.71042 0.64387
-1.05578 0.15804 0.46715 0 -26.28140 -3.03229 0.32133
11.47597 -0.08214 9.34620 0 -7.59579 1.91107 0.81140
7.45755 0.28444 2.95612 0 -5.70635 -7.02381 0.39300
0.26218 0.06761 0.35968 0 7.70777 -0.47409 0.34793
-1.31606 -0.25109 1.05171 0 4.68548 6.74478 0.63634
-0.54130 0.15352 1.12912 0 -26.22828 -3.99642 0.99744
-8.51386 -0.18696 2.93659 0 8.17730 4.14501 0.34270
0.23964 -0.04192 0.40881 0 -12.64719 0.05196 0.39756
-24.27354 0.08943 13.26071 0 -7.71973 -1.65851 0.54593
-1.46195 0.08032 1.06897 0 6.08679 -1.47659 0.60357
-19.42418 -0.25757 4.96452 0 19.00766 5.67037 0.25544
-7.63538 -0.00618 5.58986 0 14.61144 -0.43774 0.72597
-0.14757 0.27255 0.66855 0 -1.33135 -7.24648 0.66139
0.34802 -0.00417 0.44951 0 29.12244 -1.00164 0.42364
25.53727 -0.08979 11.28029 0 -25.21018 3.95686 0.44149
-5.11620 -0.09657 3.97036 0 -28.83711 3.66219 0.76173
-16.95175 0.16110 13.60298 0 25.10187 -4.09306 0.80112
4.86395 0.14592 1.30179 0 22.96889 -6.35587 0.26235
0.65033 -0.04583 0.33034 0 -12.39957 3.32500 0.27697
-22.88541 0.23181 18.14831 0 28.36410 -7.57855 0.79232
-2.02603 -0.21513 1.07731 0 -29.61894 5.40433 0.47689
1.14291 -0.21517 0.49325 0 -4.82250 4.88578 0.32489
1.22637 0.22798 0.74594 0 -12.55814 -5.60610 0.47144
-2.85913 -0.16028 3.04388 0 -29.03519 4.36402 1.00498
17.28885 0.07122 11.18408 0 -1.01233 -1.26038 0.64589
-1.31858 -0.09481 1.51377 0 26.83595 2.36093 0.91476
2.01869 -0.02689 1.79823 0 26.46620 1.53007 0.79827
2.16951 -0.13821 1.23700 0 -26.14905 5.25328 0.51794
0.97476 0.09766 0.83720 0 -29.99754 -3.71886 0.59954
2.55411 -0.10261 2.03563 0 -24.53571 2.46288 0.74227
1.05792 -0.06523 0.86355 0 -29.96679 2.90920 0.59324
1.04747 -0.24530 1.00154 0 -26.88028 6.64291 0.69163
-0.38632 -0.27572 0.66658 0 -23.75907 7.44875 0.62180
-1.62101 0.00296 0.90512 0 27.55652 1.06911 0.47530
0.74742 -0.08557 0.61270 0 28.62533 3.70883 0.49080
3.43823 0.01479 2.30380 0 -27.36964 -1.15814 0.64346
-5.20507 -0.15991 2.48768 0 25.70524 3.75927 0.46942
-0.95551 0.11409 0.35978 0 -28.64337 -1.35975 0.26019
1.29682 -0.04223 0.80926 0 29.20319 0.31284 0.49422
-5.78010 -0.09708 3.75861 0 -11.57363 2.18831 0.64086
-7.59908 -0.03004 5.28400 0 25.56882 0.24075 0.68947
-5.49155 -0.23530 2.29485 0 -29.32619 5.81654 0.41120
10.17639 0.28021 2.21947 0 -22.58092 -5.78836 0.21728
0.51655 -0.02738 0.88490 0 29.29593 0.25235 0.78621
-0.92222 -0.02298 0.49494 0 25.62643 2.18260 0.36389
-3.06630 -0.19369 1.11679 0 -28.07158 7.48666 0.34640
-3.04538 -0.05725 1.26547 0 -21.42084 3.10856 0.39490
0.46863 0.17611 0.33537 0 1.69629 -7.00630 0.30371
0.17373 -0.02253 0.39098 0 -26.92460 2.09361 0.38425
2.10675 0.18390 1.69405 0 3.31501 -4.70215 0.72648
3.65073 -0.12199 3.46908 0 -28.80507 3.17307 0.91651
15.30447 -0.20865 6.36424 0 23.79461 5.04833 0.41507
9.27079 -0.09103 3.10505 0 29.94283 4.38462 0.33314
-0.72048 0.23863 0.49464 0 0.25725 -5.71953 0.40137
7.19176 -0.26927 3.22837 0 -13.69183 6.90758 0.44473
-6.91713 0.07493 3.54433 0 -23.59732 -1.15444 0.50722
2.66370 0.28254 1.91473 0 29.85293 -7.55455 0.67306
0.34960 0.15728 0.54090 0 -23.82846 -3.60846 0.51060
-8.34308 -0.29341 2.70068 0 -27.98861 7.13530 0.32155
-16.16584 0.03228 3.73497 0 14.60651 1.33236 0.23081
-0.59504 -0.13687 0.43410 0 12.09338 2.79328 0.37309
0.56397 -0.01602 0.89942 0 29.99022 1.21519 0.78343
0.13807 -0.24708 0.44512 0 26.48684 6.24911 0.44094
-16.66263 -0.15403 8.40804 0 24.86466 5.76566 0.50379
13.79131 0.13845 1.03306 0 27.83788 -6.59798 0.21444
1.89977 0.23353 1.43626 0 -29.97377 -6.11426 0.67534
9.53754 -0.01840 7.53586 0 16.93903 1.28472 0.78588
4.10802 -0.12675 0.89257 0 0.14831 1.43911 0.21118
15.26221 -0.06904 3.70915 0 -21.26526 0.04134 0.24271
1.87551 0.15954 1.09901 0 14.13574 -3.68837 0.51715
0.22875 0.15691 0.69019 0 -23.10005 -3.84394 0.67282
-7.95563 -0.13991 4.25498 0 -29.92838 3.29501 0.53075
-10.48926 0.23376 8.45150 0 -19.68194 -6.24793 0.80215
-12.59518 -0.26445 3.51375 0 4.42132 6.03994 0.27827
0.10552 -0.11648 0.89420 0 26.25478 2.99144 0.88927
-3.99862 -0.10893 1.63740 0 20.56587 4.67351 0.39737
-4.37809 -0.03595 1.78155 0 28.13056 2.45689 0.39681
