0.04401 0.03865 0.91499 0 29.69724 -1.63972 0.91411
-0.07282 -0.21243 0.58708 0 -1.75535 7.39983 0.58553
-0.95836 0.01250 0.35046 0 8.24667 1.73175 0.25314
-2.04969 0.15553 1.24643 0 25.42124 -3.62378 0.54661
-24.65383 0.05489 14.76682 0 -29.04704 -2.42656 0.59856
1.37846 -0.26073 0.68629 0 29.26079 6.53218 0.40307
-0.09881 -0.19971 0.65959 0 -5.24892 5.25488 0.65639
16.66864 -0.17687 4.95115 0 27.13462 3.61333 0.29666
-0.74817 -0.01431 0.64841 0 0.04966 -0.47437 0.51922
15.80587 -0.15804 6.27834 0 -13.13204 3.50052 0.39655
-0.84577 -0.23882 0.49323 0 3.38894 5.79975 0.37664
2.85549 -0.11454 1.11633 0 -24.31005 4.94805 0.36908
-0.88494 0.01781 0.29309 0 4.34335 -2.80236 0.21960
-0.89430 0.00787 0.36088 0 12.83090 1.75088 0.26907
11.45011 0.21536 6.56100 0 -29.97495 -7.35144 0.57092
6.26578 0.05554 2.05783 0 23.86381 -3.18137 0.32447
0.98406 -0.14615 0.93564 0 22.22921 5.26348 0.66692
4.62226 0.18315 1.70917 0 -25.24857 -6.92922 0.36151
18.79108 0.14100 5.65115 0 -4.57865 -2.41877 0.30047
0.59460 0.23699 0.54982 0 29.11423 -5.87314 0.47262
-3.74323 -0.05637 1.99933 0 15.96686 0.78000 0.51615
-2.41686 0.00621 1.43628 0 29.93618 -1.03698 0.54918
-8.48381 0.19413 5.59174 0 -2.10849 -6.57728 0.65465
19.81785 -0.05655 12.87392 0 -2.94680 2.57210 0.64886
9.90471 -0.08716 4.06854 0 -29.93648 1.43843 0.40881
-1.12626 0.04203 0.52999 0 29.98078 -2.64526 0.35197
0.48022 -0.05751 0.59604 0 15.61499 2.76703 0.53731
-1.93445 0.01042 0.77012 0 -22.55401 1.21570 0.35377
-4.78805 -0.12964 1.76046 0 -21.96624 2.52931 0.36005
-0.71686 -0.19412 0.39286 0 21.64450 7.63870 0.31935
0.18001 0.05105 0.42552 0 -25.90554 -0.22804 0.41879
19.19648 0.02245 9.66572 0 22.62396 0.42443 0.50293
17.01923 -0.07999 12.21311 0 -23.83654 3.20431 0.71644
-1.58057 0.26416 0.35265 0 4.02607 -4.96237 0.18868
0.16171 -0.25738 0.51489 0 -15.14432 6.71691 0.50993
-4.95137 0.20186 1.96722 0 16.66887 -4.60322 0.38956
11.14177 -0.19195 3.06768 0 12.30268 3.91204 0.27441
-7.87420 -0.20498 3.38894 0 -28.72919 4.97647 0.42707
-11.78686 0.24565 12.50409 0 27.50620 -6.76447 1.05710
-11.29866 0.11295 15.59830 0 29.87050 -2.92942 1.37521
-5.73648 0.11842 3.23233 0 -9.74126 -2.53718 0.55516
0.05191 -0.20385 0.31873 0 -14.61315 4.52196 0.31830
2.53855 0.26294 0.69349 0 29.95815 -5.65290 0.25431
0.56181 0.19309 1.21968 0 -22.30653 -5.20658 1.06337
16.41823 0.08240 8.16874 0 27.02681 -1.35584 0.49672
13.01123 0.20982 6.80139 0 -9.06937 -7.27549 0.52129
0.01183 0.03570 0.65642 0 25.83003 -1.77185 0.65638
-8.61900 0.14659 2.87004 0 -28.27274 -2.74160 0.33092
0.52958 -0.17464 1.18925 0 12.22038 4.81456 1.05098
-1.07730 -0.05462 1.02092 0 4.90536 0.98227 0.69460
6.58628 0.10435 2.26612 0 -29.21205 -1.53474 0.34031
-17.43545 0.09013 3.77498 0 -8.63142 -0.25052 0.21638
-18.93024 -0.12193 5.29490 0 26.94561 5.64501 0.27949
-0.14193 -0.00849 0.56173 0 4.32966 -0.58346 0.55615
-10.81457 -0.06325 4.33111 0 2.92338 0.69435 0.39891
-5.22518 -0.08244 2.68421 0 26.13915 3.58449 0.50475
0.51042 -0.03212 0.22603 0 14.13911 -1.50204 0.20136
-9.29318 -0.12410 3.58475 0 23.36890 5.18578 0.38365
-23.77986 -0.16396 14.53468 0 -4.25905 5.87978 0.61076
-5.62092 0.06761 2.83348 0 4.45317 -2.98978 0.49645
-21.91607 -0.05085 6.01956 0 29.37204 3.49507 0.27456
-2.97030 0.25383 0.64494 0 20.11330 -4.90181 0.20591
1.24236 0.26735 0.44984 0 24.19701 -5.98747 0.28216
1.01991 0.12050 1.12134 0 23.75784 -2.87172 0.78508
-5.17484 -0.13122 2.93412 0 -25.29212 3.08276 0.55677
-1.30514 -0.11284 0.52116 0 -2.63155 5.13454 0.31710
5.54424 0.08690 14.19914 0 28.60353 -2.73109 2.52042
-1.71059 0.21463 0.79098 0 20.76932 -5.01060 0.39932
21.78291 -0.19765 7.98640 0 29.87615 7.52030 0.36638
8.81599 0.08918 5.92823 0 28.25637 -3.37221 0.66823
-0.21883 -0.06581 0.81128 0 -3.64073 1.40795 0.79253
10.72951 0.12871 6.45841 0 26.85704 -4.66127 0.59941
13.34512 0.12822 3.71253 0 29.26489 -1.90093 0.27759
0.53451 -0.17775 0.66062 0 11.87424 4.50345 0.58263
18.81692 0.17418 11.27229 0 7.39330 -4.25888 0.59829
0.54184 0.03469 0.50969 0 -17.25238 0.18168 0.44816
0.41434 0.16412 0.58468 0 -17.16181 -5.83856 0.54016
0.20695 0.12822 0.50347 0 18.88146 -4.83872 0.49303
0.29449 -0.00501 0.59044 0 25.26434 1.13501 0.56640
-24.63629 -0.17103 8.29181 0 -20.01813 3.64914 0.33644
0.91567 0.09444 0.80513 0 11.29174 -1.88354 0.59384
-8.35145 0.11725 2.37253 0 16.17636 -1.60708 0.28224
-7.37163 0.20023 3.01628 0 -29.69475 -7.28839 0.40558
5.76929 0.05129 1.00642 0 19.84278 1.52382 0.17207
-21.02114 0.17820 11.77233 0 23.06338 -6.23373 0.55948
0.05808 -0.20752 0.69308 0 29.04189 5.52747 0.69191
2.88429 -0.11969 1.32161 0 1.74216 2.47560 0.43301
3.54222 0.08628 2.12223 0 -5.70148 -1.61457 0.57668
-0.38527 0.12496 0.96136 0 -23.96059 -3.08691 0.89709
-0.52121 -0.01920 0.63383 0 29.93219 -0.25251 0.56208
1.13833 -0.23318 0.65535 0 -29.95330 5.81904 0.43258
2.88671 -0.20660 1.26738 0 -28.62336 7.61654 0.41491
-0.97432 -0.10349 0.40106 0 -3.47392 5.02264 0.28736
-5.25443 -0.08794 3.13831 0 1.16468 1.84195 0.58682
-11.82945 -0.04746 9.87583 0 -4.87639 2.12297 0.83194
1.39680 -0.14086 0.70644 0 -25.86487 3.03979 0.41131
-1.06404 0.02760 0.39331 0 -28.92002 1.15316 0.26946
-1.22802 -0.01037 0.57926 0 -4.65116 1.79403 0.36586
10.91862 0.04527 4.46784 0 -29.90445 -2.54169 0.40761
-0.79482 -0.18280 0.55258 0 -25.90837 4.34012 0.43264
9.45027 -0.11713 4.24835 0 -11.93642 2.43727 0.44716
7.97800 0.01982 2.71148 0 23.69637 1.00345 0.33737
0.85269 -0.11631 0.48885 0 -26.54670 2.18057 0.37204
1.92816 -0.23147 1.76374 0 13.43104 7.71332 0.81205
-6.13044 0.09297 5.68507 0 14.57812 -2.14386 0.91531
2.74195 0.05035 0.76390 0 -28.17527 -3.41058 0.26181
22.08952 0.16541 6.88902 0 -22.40937 -6.62625 0.31171
16.01301 -0.20403 8.76612 0 0.74152 7.21065 0.54646
9.17526 -0.07081 5.17070 0 -26.47433 1.28966 0.56032
-1.17098 0.04696 0.92969 0 -26.73866 -0.47991 0.60379
-4.32145 -0.07400 2.32378 0 -25.92862 1.32143 0.52402
-5.13793 -0.17051 4.44707 0 -23.15830 5.82927 0.84965
-3.06039 0.22029 2.02936 0 -29.29432 -5.66658 0.63037
-0.24950 0.17746 0.25888 0 7.41357 -3.15190 0.25119
4.77529 0.17742 4.12864 0 -29.57552 -4.61300 0.84631
2.33848 -0.21713 0.45443 0 -7.24316 3.62939 0.17882
1.69856 0.06188 1.44523 0 -25.86072 -2.47856 0.73326
-0.83179 -0.02253 0.67037 0 -29.17620 1.75210 0.51541
-2.22121 -0.19129 0.55372 0 21.93239 7.87774 0.26998
-0.41342 -0.14498 0.98190 0 -12.77773 5.01523 0.90742
9.47445 0.17319 7.70125 0 -5.50396 -4.45794 0.80841
-18.00837 -0.05875 12.73724 0 29.86951 2.57384 0.70628
-11.04710 0.20066 7.85093 0 -11.38969 -6.71290 0.70785
-27.12976 0.19866 9.43995 0 -22.53770 -7.47150 0.34786
1.16841 0.13649 0.66929 0 27.08602 -2.81703 0.43525
0.00371 -0.13348 0.64341 0 -24.57655 3.27522 0.64340
10.31862 0.10086 3.84569 0 23.14262 -4.35919 0.37109
3.38127 -0.04079 1.30095 0 -29.99598 2.70140 0.36912
-8.97466 -0.06321 8.60371 0 -19.80316 2.51852 0.95282
-0.46829 -0.03112 0.55822 0 17.82281 2.03069 0.50555
0.40523 -0.15858 0.85299 0 14.47846 4.17172 0.79055
5.42463 -0.10728 1.09098 0 25.99247 0.70228 0.19801
0.01544 0.00371 0.42007 0 25.36505 -1.24951 0.42002
1.98197 0.00567 0.60766 0 14.91544 -1.96412 0.27384
-1.94706 0.21393 0.74649 0 19.60687 -4.76456 0.34116
-7.21846 0.15554 2.25079 0 29.50127 -2.89437 0.30902
-0.37474 0.06668 0.61718 0 25.58962 -1.03151 0.57794
-9.54409 0.18419 6.28138 0 5.72063 -4.63087 0.65463
0.52422 -0.18732 0.42366 0 -29.47538 4.28787 0.37525
1.35910 -0.05749 0.72498 0 29.40168 0.61405 0.42973
6.25821 0.06601 2.82893 0 -9.46107 -3.05881 0.44648
-0.91320 -0.24522 0.71325 0 -29.26913 6.39444 0.52673
1.10968 0.02254 0.39378 0 27.35136 1.34718 0.26374
-2.94196 -0.02181 1.11056 0 27.38653 2.17239 0.35754
-7.41922 0.08610 3.95479 0 21.83970 -3.48638 0.52836
1.81370 -0.09294 1.57250 0 -28.97085 2.19006 0.75931
3.35462 0.28263 1.85041 0 -29.01932 -7.33160 0.52868
0.12260 -0.18030 0.70490 0 -23.34958 6.26403 0.69966
-23.79054 0.05566 10.84212 0 25.33977 -0.46406 0.45544
8.77867 0.23034 3.06200 0 -21.81378 -5.26795 0.34670
-8.24932 -0.12287 6.14841 0 7.43074 3.06461 0.73997
26.46987 0.13174 12.11817 0 -29.23604 -2.73429 0.45759
3.18141 -0.16420 3.20184 0 -10.03944 5.56473 0.96027
-1.39431 0.14687 0.69386 0 19.10468 -3.03369 0.40446
-8.89542 0.15965 4.66842 0 4.22888 -3.70022 0.52162
0.19984 0.00679 0.46769 0 -0.21100 -1.23920 0.45863
0.60830 0.00311 0.47132 0 25.52175 -1.28387 0.40270
-11.97940 0.09552 5.31582 0 -19.09847 -1.61989 0.44232
0.43062 0.17640 0.30368 0 -29.41131 -3.32603 0.27894
19.30637 0.15291 8.22332 0 -9.04528 -3.27552 0.42548
5.52193 -0.15261 3.86253 0 -29.88753 5.43470 0.68834
0.30233 0.12571 0.46177 0 5.23645 -2.51575 0.44202
0.98007 0.14560 0.44292 0 -15.79052 -5.98626 0.31638
3.63577 0.18456 3.74964 0 -29.99947 -4.91828 0.99446
-0.08219 0.15881 0.54070 0 20.73363 -5.67887 0.53888
4.78853 0.17631 5.12022 0 6.49206 -5.72235 1.04671
1.33298 -0.12360 0.61993 0 29.94659 5.21392 0.37209
-0.37627 0.00065 0.29933 0 3.29704 -1.76972 0.28017
-12.60504 0.04512 26.08914 0 27.03322 -1.52118 2.06328
-4.57663 -0.02518 1.72569 0 -17.35037 2.23140 0.36849
2.13023 0.10225 2.12375 0 -2.43969 -3.56388 0.90253
6.52444 -0.13415 7.21154 0 29.32432 4.58855 1.09260
18.89900 0.06469 13.00700 0 7.13084 -2.61075 0.68735
-5.49057 -0.10681 4.46592 0 11.94338 3.93831 0.80041
0.61664 -0.28854 0.33238 0 -28.68048 6.76408 0.28297
0.01872 0.03995 1.02014 0 -12.39588 -0.61556 1.01996
0.83843 0.22682 0.40998 0 -11.39158 -5.00737 0.31422
-0.21383 -0.10571 0.20424 0 -29.08937 5.92370 0.19973
-26.97687 0.20745 24.30661 0 27.54827 -6.75199 0.90046
-3.62575 0.08089 3.99974 0 9.63281 -1.86112 1.06347
1.22185 0.15033 0.48117 0 4.97862 -2.71837 0.30484
21.76032 -0.15129 6.44436 0 -11.28566 2.85865 0.29600
-2.92039 0.11581 1.37015 0 10.63220 -4.58025 0.44391
-0.86745 0.10826 0.38597 0 -29.50113 -4.97978 0.29162
5.13720 0.09542 3.23466 0 10.44921 -1.94679 0.61814
0.16295 -0.09026 0.44756 0 4.27696 3.97040 0.44173
-8.00746 -0.20489 2.95609 0 -29.56248 7.74483 0.36645
3.28870 -0.15539 1.94418 0 22.36040 3.81438 0.56571
0.05948 0.20184 0.39550 0 25.56724 -4.62071 0.39481
-10.83420 -0.21331 4.98402 0 -26.25233 7.69481 0.45819
-15.46002 0.29517 7.50583 0 5.87554 -7.60205 0.48459
-8.86368 0.14540 6.08945 0 -0.49720 -5.05954 0.68275
-0.42287 0.14341 0.46830 0 -28.01141 -3.01119 0.43134
-0.92222 -0.10708 0.60238 0 14.70754 4.47949 0.44287
-12.92745 0.26619 3.21125 0 -16.67734 -5.69137 0.24786
7.78674 -0.06249 4.42725 0 -5.92025 2.87188 0.56402
2.32192 0.04812 1.09524 0 25.84424 -2.55234 0.43332
0.29946 0.14266 0.55937 0 -28.27392 -3.22341 0.53587
0.33933 0.05359 0.25423 0 27.56296 0.60035 0.24077
-1.98170 -0.18349 0.56346 0 26.04635 3.51308 0.25397
0.87978 0.04525 0.59109 0 29.37647 -0.12327 0.44383
4.49159 0.17572 1.42524 0 6.80619 -3.49147 0.30980
-3.66404 -0.24482 2.52324 0 23.91485 6.59653 0.66442
10.59166 0.03135 7.27727 0 -25.49080 -1.60917 0.68410
-19.59872 0.10442 8.37415 0 0.48940 -4.28072 0.42684
-1.85630 -0.17787 0.94194 0 -24.37204 4.23312 0.44683
-0.78573 0.00161 0.60869 0 28.65917 -1.03650 0.47867
1.29615 0.09601 0.86481 0 19.41521 -3.78722 0.52834
2.51479 -0.09076 1.07261 0 -22.30585 1.50644 0.39646
-6.78326 -0.21251 2.64130 0 18.01103 7.90476 0.38534
-1.88152 0.11139 1.09309 0 5.77179 -2.25207 0.51307
-1.76266 -0.16117 1.45397 0 22.61129 4.18133 0.71751
-0.68454 -0.17049 0.96005 0 -22.87690 5.87497 0.79223
2.91007 0.13642 1.47430 0 -25.55423 -5.11998 0.47926
19.75056 0.25380 9.90459 0 10.75091 -6.43030 0.50094
2.62972 -0.17646 1.37026 0 -14.99597 4.28860 0.48716
2.03289 -0.29177 1.05357 0 -29.94987 7.61742 0.46513
24.97542 -0.10013 12.33090 0 6.12373 2.03964 0.49342
1.90508 -0.03361 1.49684 0 -6.04204 1.82698 0.69575
8.04881 0.02756 2.41363 0 30.00000 -2.47535 0.29775
-1.90779 0.19782 0.85232 0 -12.61545 -7.24825 0.39581
1.57706 -0.16721 0.65458 0 0.56819 6.64637 0.35062
-0.89104 -0.17331 0.81961 0 25.88818 4.40130 0.60220
5.29439 -0.15178 2.95165 0 -29.99969 5.61031 0.54790
0.23105 0.11788 0.40648 0 -10.13653 -2.14830 0.39605
-17.64793 0.00113 11.43737 0 -2.31513 0.83757 0.64712
-9.81741 -0.19890 8.40344 0 7.52806 5.41697 0.85162
27.11839 0.03776 18.77925 0 -10.77602 -1.79361 0.69209
-2.13583 0.14454 0.86147 0 -28.46563 -2.82792 0.36533
-0.67630 -0.21911 0.26835 0 -5.85192 4.25580 0.22235
-2.28588 0.03382 2.59844 0 29.43193 -0.44231 1.04153
0.33273 -0.23996 0.27540 0 16.27616 5.20987 0.26133
10.04202 -0.27740 3.88463 0 14.69947 6.95349 0.38506
-0.47895 0.28407 0.53951 0 -19.74841 -7.28293 0.48660
-1.45126 -0.11977 0.67028 0 -24.84992 5.06483 0.38042
0.59880 -0.25037 1.21116 0 0.50192 7.05778 1.03912
-0.91749 -0.24508 1.95752 0 -26.56304 7.04903 1.44241
-2.12454 -0.01783 1.28428 0 8.89409 1.55291 0.54701
-15.00121 0.13025 3.01992 0 -13.50167 -1.25817 0.20111
-5.81138 -0.14842 2.65528 0 20.17865 3.37282 0.45041
-8.89335 0.01939 2.54560 0 -22.68170 -2.30808 0.28461
-0.83779 0.13477 1.25569 0 -28.92063 -3.41861 0.96255
-0.68846 0.19833 1.67146 0 26.92495 -6.26403 1.37676
-2.40383 0.21379 1.60877 0 9.81325 -7.22847 0.61801
7.11248 0.08417 3.70241 0 9.25017 -1.44625 0.51557
2.00845 -0.04045 1.10660 0 -2.97797 0.25765 0.49330
-5.30855 -0.07096 3.46755 0 -14.19621 3.01599 0.64199
-6.90557 -0.08104 4.70939 0 4.55094 3.28079 0.67500
-12.71509 -0.12447 12.54929 0 28.30882 3.28579 0.98397
7.83805 0.28730 3.87388 0 -17.53871 -7.38614 0.49036
10.79215 -0.07176 7.48434 0 -28.29516 1.49028 0.69061
16.08228 0.25601 6.82127 0 20.54697 -6.29678 0.42345
-6.67680 -0.00605 3.11760 0 -28.46210 -0.84507 0.46188
25.51459 0.15309 6.68778 0 26.88764 -6.58163 0.26210
11.76558 -0.10146 5.30129 0 27.76856 1.97628 0.44907
4.27851 -0.01387 2.20566 0 27.47466 -0.52106 0.50209
-0.60022 -0.14594 0.70414 0 -29.09517 5.34117 0.60376
-18.95615 -0.12581 8.38683 0 -25.73305 5.05329 0.44193
9.58765 0.12351 6.95838 0 -28.38841 -2.84764 0.66955
0.54096 0.19817 0.44277 0 -6.15061 -7.28242 0.38947
-1.23468 0.26678 1.04046 0 -2.44453 -7.06839 0.65490
11.04144 -0.20866 6.16901 0 -28.09686 5.37372 0.55652
0.95115 -0.15454 0.79099 0 7.31578 3.80118 0.57317
-0.08853 0.21433 0.81001 0 9.14420 -5.67690 0.80685
-3.63157 0.19172 3.62270 0 -23.61032 -6.23532 0.96188
-2.97768 -0.10764 1.64925 0 -11.41569 2.32605 0.52514
15.28251 -0.03120 2.68374 0 26.50007 -0.90114 0.26687
17.93828 -0.17885 13.26561 0 1.44706 4.72664 0.73843
-2.34361 -0.19098 2.21368 0 29.99783 6.43635 0.86884
-1.28604 -0.05805 1.43966 0 -26.40230 1.24240 0.88376
0.22279 -0.00673 0.96919 0 -29.76613 0.82392 0.94600
-0.36425 0.10878 0.78790 0 10.24650 -2.48257 0.74033
-0.06003 -0.14709 0.85146 0 11.24214 3.87636 0.84993
0.50071 0.26823 0.52616 0 29.27427 -6.78204 0.47050
-2.57706 0.33539 0.68590 0 16.77022 -7.66336 0.24819
17.16665 -0.19186 10.11878 0 14.41982 4.92968 0.58853
-2.95864 -0.13202 2.50733 0 23.14656 4.69914 0.80293
0.77167 -0.04547 0.50090 0 -8.02551 0.15514 0.39660
17.27885 -0.22669 5.42083 0 12.71097 5.16147 0.31336
3.75768 -0.30034 1.37129 0 26.41868 7.48633 0.35274
0.13706 -0.11973 0.28328 0 0.11984 1.81092 0.27734
-0.21636 0.04617 0.22526 0 26.64551 1.05940 0.21675
0.84468 0.21862 0.76369 0 2.12002 -7.43037 0.58345
0.83988 -0.06261 0.57862 0 -14.02027 3.12729 0.44313
21.50378 -0.16072 10.41459 0 -16.69774 3.81651 0.48389
-0.47278 0.13237 0.31908 0 3.31439 -5.74436 0.28850
-0.64277 -0.11791 0.60851 0 -7.12166 2.60616 0.51191
0.52273 0.19552 0.91388 0 7.03079 -6.45795 0.80992
1.82432 0.17949 0.83707 0 -19.88725 -3.98937 0.40244
-2.78920 0.17656 0.72596 0 29.90454 -3.07411 0.24506
7.35762 -0.15697 4.11344 0 28.65193 3.84193 0.55407
14.61664 0.24104 9.68191 0 -29.90907 -6.31815 0.66092
0.34580 0.26096 1.62659 0 -25.31919 -7.38254 1.53727
8.82402 -0.00651 4.77918 0 27.85107 -0.67380 0.53825
-0.30322 -0.29709 0.30268 0 24.98478 7.05376 0.28967
14.27477 0.11196 13.99721 0 28.02938 -2.74707 0.97821
6.24285 0.25555 2.89600 0 -29.41221 -6.38026 0.45816
16.70719 0.03752 7.84469 0 29.98663 -2.14136 0.46880
-10.03518 -0.08001 4.61150 0 -2.02948 1.35841 0.45737
-15.04841 0.31891 4.60815 0 29.98879 -7.61549 0.30571
-5.84661 -0.23241 4.81495 0 -24.87692 7.74193 0.81188
1.78553 0.11040 0.75777 0 -3.59319 -4.65382 0.37038
0.39056 -0.07792 0.21326 0 -3.34701 -0.16195 0.19868
4.53241 -0.02583 1.33064 0 21.16016 2.65216 0.28678
3.24592 -0.15937 2.69048 0 10.47474 4.19685 0.79223
6.20788 -0.16135 2.84250 0 -11.75866 6.11317 0.45216
22.07731 -0.23293 16.89047 0 28.88097 7.80111 0.76434
11.94366 0.13013 8.49982 0 -3.52295 -3.08764 0.70925
0.69786 -0.07492 0.50566 0 26.37991 3.58155 0.41471
0.23198 0.08935 0.89500 0 -20.16178 -3.19487 0.87185
-0.06855 -0.17289 0.74232 0 14.20534 5.99574 0.74058
-25.43845 -0.03941 10.29528 0 2.12448 2.53668 0.40452
-2.02288 0.20113 0.89897 0 6.90491 -4.61214 0.39850
0.35937 -0.14205 0.84871 0 -12.07395 3.68709 0.79870
4.30007 0.16498 2.87857 0 29.09201 -4.05858 0.65209
13.72077 0.20469 9.46808 0 26.27300 -6.85798 0.68830
15.78771 0.12299 4.57712 0 21.62460 -1.82249 0.28950
-0.23062 -0.02705 0.73872 0 29.65372 1.60495 0.71983
-10.99972 -0.06118 7.20948 0 23.44566 1.13124 0.65281
-1.48104 0.06264 1.18421 0 1.61303 -1.02410 0.66273
0.44581 0.21522 1.51049 0 29.47613 -6.77410 1.37961
2.86219 0.05234 1.62551 0 -1.52029 -0.53385 0.53619
1.89147 0.20497 1.44000 0 -26.50005 -6.88497 0.67308
1.05346 0.17451 0.58370 0 -29.75655 -6.50720 0.40193
0.83854 -0.24208 1.20080 0 -8.90674 7.95454 0.92013
18.94183 0.04569 8.22897 0 6.39673 -2.47709 0.43394
18.57961 -0.25557 6.26250 0 -4.70186 6.11811 0.33672
-0.24740 -0.20947 0.62838 0 -14.51646 7.27059 0.60999
25.90924 0.07396 9.08439 0 11.95293 -3.62214 0.35050
1.45556 -0.00891 0.38077 0 -29.99089 -1.98412 0.22018
0.34618 0.10130 0.44769 0 -10.18636 -4.19667 0.42307
-1.51892 0.05875 1.17156 0 0.84543 -2.48189 0.64430
9.16130 -0.27539 3.73312 0 21.65329 6.96564 0.40520
-5.85907 -0.00102 1.32542 0 12.87454 -2.19137 0.22319
-25.08839 -0.00069 20.56229 0 27.82301 0.72649 0.81900
-10.22653 0.13015 9.36328 0 27.85826 -4.40140 0.91129
-3.00763 0.00182 1.45584 0 -15.05151 -1.08746 0.45944
10.95511 0.30357 3.03193 0 -13.13187 -6.98158 0.27579
24.45907 -0.15936 6.25958 0 -15.57147 6.99218 0.25590
-0.03026 0.16018 1.09272 0 28.94796 -4.24022 1.09222
22.01645 -0.20490 8.88612 0 -2.97479 4.90110 0.40332
-1.80510 -0.15532 2.22615 0 -28.12004 5.23441 1.07882
20.81527 0.32603 4.54586 0 23.96547 -7.09672 0.21836
-10.74374 0.17647 6.00005 0 29.70942 -6.18680 0.55615
-26.30112 0.04215 39.95361 0 3.35408 -1.52112 1.51803
1.64564 -0.18480 0.83535 0 16.63016 4.40219 0.43387
2.25679 -0.08755 1.96589 0 -18.39312 2.06068 0.79646
-17.93822 -0.19845 8.15011 0 -12.73970 7.24891 0.45375
7.55033 0.29744 3.95639 0 -29.07234 -7.74576 0.51956
-2.42415 -0.06136 1.53094 0 24.92481 1.04407 0.58388
0.30288 0.19767 0.48545 0 10.81426 -7.03338 0.46461
0.51371 0.02083 0.29046 0 28.69665 1.43902 0.25840
-0.61149 -0.05046 0.63531 0 -0.49800 0.65064 0.54203
13.58957 0.01372 4.35135 0 -25.33654 1.27235 0.31949
8.50924 0.02120 5.79711 0 -25.88404 -1.31202 0.67669
3.22818 -0.11786 2.49470 0 29.99986 4.32820 0.73824
-1.53131 -0.12298 0.67208 0 -3.10156 2.36126 0.36754
1.51484 0.00322 0.76668 0 28.52543 -1.22761 0.42248
-1.30689 -0.22143 0.52605 0 -6.90491 5.04208 0.31976
-3.22566 -0.05040 1.29347 0 11.49276 0.25808 0.38329
1.48404 -0.00576 0.75113 0 26.97629 -0.96486 0.41982
-7.80490 -0.20069 3.89363 0 -5.68025 5.02006 0.49492
-7.27016 0.24968 4.19106 0 -26.94077 -6.44310 0.57118
2.45064 0.24767 0.67917 0 -14.86464 -5.23339 0.25675
-1.53752 0.04788 1.13567 0 10.06180 -2.18632 0.61924
-0.39492 0.22788 0.24605 0 22.69174 -4.41335 0.22888
2.19118 -0.03146 0.49894 0 29.39844 -1.11746 0.23906
21.20462 -0.06383 7.39492 0 23.18487 3.48488 0.34849
0.48048 0.17778 0.48962 0 -25.80857 -6.48478 0.44134
0.70286 -0.14800 0.56183 0 20.84955 3.38348 0.45968
-11.66338 0.16634 4.00639 0 -16.99183 -3.37556 0.34239
-4.25350 0.23608 1.31802 0 -29.30214 -5.20789 0.30197
-1.52376 -0.03879 0.63913 0 -29.97877 2.71438 0.35077
-1.48797 0.13970 1.51101 0 9.86162 -3.48867 0.84288
5.19518 -0.18207 5.09056 0 -27.48281 6.10518 0.96223
-0.92545 -0.23640 1.43663 0 27.46626 7.70352 1.05441
10.65972 -0.03569 3.32928 0 22.69194 -0.49253 0.31111
1.44465 0.05723 0.50057 0 -11.32135 -3.45704 0.28502
-1.43378 -0.13738 0.78374 0 11.44227 5.26444 0.50049
-3.55126 -0.22315 2.02804 0 -28.79103 7.80856 0.54071
-3.35498 -0.01309 0.75520 0 16.16906 2.86224 0.21588
-2.55897 0.06619 1.03569 0 0.17930 -0.54553 0.37711
-2.77829 -0.16459 1.96304 0 26.93719 4.22504 0.66487
-14.62140 -0.04073 8.59425 0 19.13626 0.43072 0.58650
-2.36964 -0.13588 0.67079 0 -29.99232 6.21658 0.26102
5.29982 0.03701 3.90722 0 -6.31759 -0.32287 0.72456
-15.34957 -0.12964 8.03972 0 -26.22062 2.97537 0.52276
1.48688 0.04718 0.48512 0 17.44869 0.55560 0.27083
-0.38125 -0.04220 0.61150 0 -9.45206 2.24740 0.57139
1.07861 0.27509 0.69840 0 23.39710 -6.99304 0.47489
-8.76361 -0.20124 5.46163 0 15.59744 5.25156 0.61928
-0.95527 -0.28642 1.02296 0 28.77662 7.90618 0.73973
-2.38968 -0.03698 1.60849 0 28.67054 0.36693 0.62097
-0.64359 0.22172 1.46913 0 8.38070 -7.01792 1.23540
-3.65438 0.28691 1.62825 0 28.34632 -7.21555 0.42982
2.09193 -0.05732 0.74380 0 -22.88587 0.49097 0.39096
-8.08726 -0.21665 4.59263 0 26.92857 7.56646 0.56368
-10.53120 -0.22302 3.50859 0 14.15961 5.14852 0.33182
-5.42476 0.24094 1.74315 0 -12.13447 -5.42745 0.31609
-3.52293 -0.17536 1.24264 0 29.61550 3.79018 0.33952
0.72369 -0.15349 0.59420 0 20.55814 3.59712 0.48142
2.02297 0.21985 1.04622 0 -19.32926 -5.34862 0.46372
-1.83439 0.29207 0.53778 0 -14.84191 -7.29276 0.40676
-1.61338 0.09175 0.51213 0 -20.24195 -4.61945 0.26994
-0.59942 0.10327 0.39307 0 -27.02165 -1.48874 0.33717
6.48878 0.14067 3.46113 0 27.38432 -3.14858 0.52727
-7.34463 -0.06308 3.10486 0 -18.24669 3.20931 0.41899
-7.80813 -0.20408 2.49255 0 -27.55000 4.52094 0.31679
-9.54327 0.29352 3.40183 0 -12.70472 -7.13528 0.35466
0.60380 0.16043 0.35909 0 29.76530 -6.49652 0.30744
-1.96549 0.08168 0.80463 0 6.42654 -0.96238 0.36498
0.54975 -0.09488 0.49322 0 -28.96251 1.73614 0.43223
0.30199 -0.19436 0.70517 0 29.89448 6.72114 0.67506
-1.70159 0.29879 1.00515 0 5.19592 -7.76352 0.50934
-5.50904 0.22908 2.49883 0 28.16014 -5.57450 0.44637
2.11641 0.14176 0.69052 0 -19.15871 -5.99220 0.29516
19.12475 -0.03947 7.00764 0 -24.06720 2.67325 0.36605
-1.76982 -0.00335 1.45674 0 27.32950 0.89550 0.71668
-21.25603 0.01021 5.06455 0 4.97842 -2.38557 0.23821
22.19842 0.16334 10.55622 0 19.61658 -5.95303 0.47516
1.42763 -0.19939 1.89643 0 -18.52631 6.56444 1.08804
-0.22984 -0.27379 1.10100 0 -3.43224 7.76851 1.07303
-26.32113 0.25232 19.70667 0 18.87257 -6.74716 0.74823
2.01540 0.06619 0.47803 0 -5.17963 -4.36665 0.21262
4.04826 -0.15938 1.65510 0 -29.67947 6.22045 0.39713
5.23651 -0.16172 3.87129 0 29.99282 4.20654 0.72627
3.84693 -0.12515 2.08774 0 -8.85514 4.84102 0.52535
22.88894 0.06521 8.61641 0 -28.55139 -3.25338 0.37621
1.31557 0.22195 0.95490 0 24.53639 -5.63836 0.57792
0.16245 0.22093 0.58139 0 -17.57346 -7.51732 0.57387
4.52905 0.23834 1.11753 0 2.56287 -4.83048 0.24102
-1.39359 -0.08231 0.61267 0 -25.29107 1.11333 0.35729
15.18611 -0.08645 3.77544 0 -14.93782 0.60760 0.24827
2.07071 -0.06382 1.09614 0 -15.42009 3.08080 0.47676
19.83816 -0.13186 9.50422 0 -24.34193 5.14493 0.47858
2.20650 0.17448 0.51591 0 16.83837 -7.75465 0.21306
-0.51028 0.01049 0.79098 0 4.69898 0.45232 0.74551
19.06679 0.19187 4.14917 0 19.70150 -3.25276 0.21754
21.56374 -0.15439 14.00312 0 -28.82766 5.53643 0.64876
-15.27278 0.27998 13.94295 0 29.98969 -7.69635 0.91103
-7.79586 -0.10173 3.35805 0 -29.14470 4.35992 0.42736
1.94987 0.17205 0.81943 0 23.36874 -3.67184 0.37404
8.03695 -0.08441 2.53883 0 27.66989 4.28121 0.31363
3.33307 -0.22092 0.69591 0 -11.71244 4.04786 0.20017
-1.38223 -0.21133 1.35971 0 29.73511 7.11253 0.79705
-2.06102 -0.26632 1.17990 0 29.17927 6.98966 0.51511
0.33116 0.18180 0.78902 0 -15.44102 -4.66178 0.74902
-26.29914 0.25537 8.55956 0 -5.69647 -5.89409 0.32538
14.26577 -0.06547 6.71973 0 -20.02568 0.95439 0.46999
13.18962 0.13343 4.26290 0 -26.16445 -2.31212 0.32243
9.29967 0.24962 3.90032 0 28.73783 -6.09090 0.41712
0.07369 -0.14276 0.58649 0 25.32792 5.27321 0.58491
