2.60827 -0.02381 1.99052 0 -11.96500 1.51474 0.71263
12.86812 0.16739 2.68079 0 27.42729 -2.43048 0.20794
-1.42058 0.00633 0.85904 0 -28.23180 0.92567 0.49454
0.53378 -0.00466 0.47054 0 -29.26514 -1.01182 0.41514
12.46134 0.09054 10.32131 0 -14.90526 -2.01045 0.82567
26.80698 -0.04478 23.04469 0 -20.12050 0.82873 0.85911
-2.60885 -0.02731 2.28362 0 12.27861 0.27497 0.81745
0.56679 0.11257 0.64494 0 -29.99998 -2.37303 0.56112
-13.31033 -0.13513 9.02450 0 -25.70499 4.91775 0.67617
8.47356 -0.12638 6.14406 0 -12.62563 3.14990 0.72016
-1.84903 -0.00028 0.73170 0 -25.54708 1.56126 0.34818
-3.06233 -0.20258 3.15514 0 29.59562 5.60809 0.97946
-9.41474 0.08320 5.44017 0 -29.05990 -3.31869 0.57469
0.68841 0.07301 0.27752 0 -2.90981 0.13247 0.22864
0.47937 0.00029 0.64471 0 -20.66395 -0.80739 0.58138
-3.88358 -0.18842 0.62945 0 -19.97878 2.40269 0.15708
-12.23698 -0.15736 3.91074 0 -13.89003 6.50007 0.31867
17.40670 0.21032 4.35060 0 9.31194 -4.09615 0.24972
3.27659 0.17824 3.07673 0 7.64544 -4.67330 0.89824
-8.27548 -0.10038 2.43167 0 -26.16944 1.32967 0.29188
-3.62464 -0.12417 0.71881 0 4.84574 1.11089 0.19132
22.54206 -0.28609 6.76454 0 -15.59407 6.80265 0.29995
-4.00881 -0.17020 1.33255 0 -23.80982 3.55851 0.32261
6.62997 0.11875 1.77300 0 -11.87322 -5.49359 0.26461
-0.09804 0.10119 0.43839 0 -13.78911 -1.77247 0.43630
6.45571 0.07926 4.17344 0 -29.92514 -3.10805 0.63893
-0.37903 0.10968 0.55845 0 19.72571 -4.21394 0.52221
-0.02654 -0.00585 0.47965 0 -28.95667 -0.81013 0.47948
0.70678 -0.05770 0.50006 0 -23.41808 0.55824 0.40839
-5.17803 -0.02064 4.82055 0 -29.37062 1.26066 0.91412
-1.78661 0.19840 1.17798 0 -15.01125 -6.82429 0.57544
6.27793 0.10797 2.52199 0 29.68600 -1.85701 0.39684
-3.20573 -0.27686 1.57949 0 28.52146 7.19627 0.47047
-1.62405 -0.18185 1.11147 0 -29.39606 6.46844 0.58282
4.16524 0.13615 1.61246 0 3.09970 -2.62234 0.37656
4.71567 0.18161 1.69654 0 28.99011 -3.86579 0.35205
-1.60685 -0.01760 0.98011 0 -26.92981 -0.37799 0.51792
-0.92002 -0.13635 0.91265 0 5.81491 4.96007 0.67167
14.85046 -0.06255 6.88553 0 10.14774 0.85015 0.46272
-1.94408 0.16905 0.93856 0 23.19794 -6.25122 0.42940
-0.29016 0.02635 0.33771 0 10.22741 -2.29552 0.32434
4.18713 -0.19682 3.45780 0 11.57036 6.66569 0.80330
0.32056 -0.03330 0.47232 0 -21.97142 -0.05679 0.44978
19.43452 -0.22613 10.76263 0 4.76078 5.88225 0.55315
0.34331 -0.07780 0.33710 0 -14.12926 0.80651 0.31885
23.62857 -0.04377 12.02973 0 -12.01372 0.38859 0.50876
-0.38995 0.11048 0.61287 0 -24.05571 -2.32669 0.57101
9.50865 0.18698 4.51132 0 25.72663 -4.40180 0.47194
-4.75622 -0.03522 1.07622 0 26.94799 3.47575 0.22156
18.03705 0.23458 12.53550 0 -29.96535 -6.16694 0.69399
-2.45898 0.23308 2.02162 0 3.03059 -6.19191 0.76163
1.22470 -0.15973 0.90702 0 29.03902 3.95593 0.57372
-1.26677 0.10860 0.49813 0 -5.71307 -4.88781 0.30874
0.90106 -0.13751 1.48050 0 -29.99106 4.68659 1.09989
-1.17887 -0.16414 0.39553 0 14.49871 2.96325 0.25598
1.54545 -0.21409 0.40268 0 -0.57679 4.07381 0.21891
6.10503 -0.17570 5.71603 0 -14.26178 5.93536 0.92402
-0.30375 0.36157 0.19799 0 19.05313 -7.70376 0.18946
3.65050 0.08824 1.13321 0 2.60678 -4.31601 0.29952
2.29166 -0.18159 1.10820 0 -23.28350 6.75879 0.44331
15.40103 -0.06618 9.39801 0 25.98398 2.91531 0.60902
-1.84069 -0.02143 1.77329 0 0.98615 1.32922 0.84657
-4.91115 0.04653 1.47217 0 -14.18062 -3.07508 0.29388
2.66228 -0.07077 2.87386 0 -29.51328 1.69572 1.01060
-10.27697 -0.19817 3.53623 0 -24.97356 7.64386 0.34262
-6.97612 -0.13793 4.61488 0 21.26231 5.02842 0.65491
-0.89591 -0.11809 0.30532 0 29.91492 5.97389 0.22748
26.98157 -0.06216 8.31775 0 29.77260 3.63084 0.30822
-0.37792 0.13807 0.77464 0 23.34357 -3.33938 0.72463
0.94754 0.00870 0.99928 0 -13.26509 0.52507 0.72540
1.87692 -0.18174 1.27861 0 -11.85212 4.64946 0.60127
0.03219 -0.18103 0.78067 0 2.34568 6.20568 0.78026
-1.99262 -0.06933 2.45884 0 24.89027 1.69532 1.10291
-20.05234 0.12355 5.37458 0 27.66407 -5.61716 0.26788
-0.02073 0.17114 0.26834 0 -21.57230 -3.09831 0.26828
-1.34797 0.24936 0.81975 0 17.66131 -6.27264 0.48847
-1.24005 0.11275 1.27716 0 -21.31833 -3.95428 0.80176
-1.48457 -0.13638 1.57719 0 20.01224 3.57927 0.88117
11.98917 0.08969 4.65289 0 -28.92042 -3.96001 0.38687
-0.39219 -0.05800 0.64602 0 4.93484 0.96914 0.60143
2.25013 -0.01681 1.18768 0 20.47512 -0.47431 0.48256
-1.59017 0.06581 0.45819 0 -29.99623 0.20585 0.24406
0.60047 0.32472 0.34755 0 -1.27320 -7.73458 0.29801
14.70145 -0.22557 13.84695 0 -2.57952 7.43961 0.93976
6.39402 -0.03404 3.04163 0 29.96577 2.19577 0.47009
-16.76288 0.13761 7.10417 0 -29.99124 -2.81637 0.42317
-1.48782 -0.01837 0.75682 0 -22.95504 -0.57901 0.42225
-0.61900 -0.04426 0.44382 0 28.53665 2.77550 0.37741
0.99059 0.02682 0.91214 0 -17.47735 0.06581 0.64805
0.44943 0.15255 0.62121 0 13.81684 -5.43871 0.56663
-9.03557 0.22836 7.88841 0 16.26184 -6.13941 0.86780
-2.62458 0.36088 0.41150 0 -27.35407 -7.42957 0.17417
4.95480 -0.05746 1.18184 0 25.56458 3.54117 0.29885
0.72728 -0.27245 1.29268 0 -25.23533 7.71519 1.04545
-6.55842 -0.12463 1.91857 0 -18.69653 2.03260 0.28936
-0.84011 0.11524 0.96542 0 27.01612 -2.67394 0.73921
-0.78195 0.09072 0.55720 0 -24.85446 -3.82935 0.43900
-4.91916 0.29219 3.07890 0 29.41090 -7.75716 0.61340
0.14249 0.15682 0.47677 0 -22.40572 -5.76118 0.47201
-0.98352 0.19889 1.20104 0 -6.18781 -5.25764 0.85632
4.91127 -0.29221 1.17026 0 25.47046 6.46597 0.23374
5.15772 -0.10488 2.19001 0 -12.02642 4.48707 0.41691
11.69098 -0.10963 5.39050 0 22.48343 4.51350 0.45951
1.74768 -0.10603 0.46331 0 -7.52864 1.02748 0.23024
-3.52645 -0.21399 2.98680 0 15.92059 5.83586 0.81491
-1.68064 -0.03321 0.49006 0 17.97226 3.13878 0.25069
-1.77191 -0.06940 0.78519 0 -21.27695 0.83512 0.38601
-2.08799 0.06239 0.85813 0 -11.47731 -3.18800 0.37077
3.47507 0.27442 0.65475 0 -28.36629 -5.29240 0.19134
7.15251 -0.06025 1.70316 0 -12.01085 3.98002 0.24899
-25.86324 -0.25217 2.96228 0 27.55469 5.26189 0.22766
6.33701 -0.12863 6.59807 0 -3.88830 3.43277 1.02852
15.28061 -0.22204 12.37272 0 19.12983 6.06860 0.80803
25.62692 -0.25470 19.01549 0 -22.13643 6.97345 0.74151
-11.34560 0.11739 5.29690 0 -5.91419 -2.32699 0.46517
-19.15415 0.10033 4.59532 0 29.61052 -0.78458 0.23979
16.83073 0.22454 6.74805 0 29.93371 -5.30415 0.40035
-18.88664 0.00732 9.95775 0 -1.78580 0.83300 0.52659
0.90059 -0.26157 0.34316 0 -23.80129 5.78239 0.25509
4.80684 0.16551 2.83806 0 28.30513 -3.97164 0.57826
-0.81522 0.02693 0.45921 0 -18.22579 -2.17128 0.35598
-14.86699 0.17011 5.67434 0 -24.96189 -6.44757 0.38094
-0.63072 -0.11652 0.71957 0 29.92609 4.44005 0.60865
2.69808 0.14308 1.33911 0 -14.53188 -5.35702 0.46546
-4.41137 -0.27626 5.63410 0 -29.25995 7.91445 1.24562
-8.41475 -0.09727 7.06751 0 3.86874 3.62355 0.83408
-1.23061 0.21290 0.73076 0 -22.96698 -5.13752 0.46091
-10.48508 0.12101 6.54367 0 0.19998 -2.71315 0.62135
0.72931 0.07271 0.40635 0 -13.79544 -0.53860 0.32836
-2.23141 -0.32687 0.68127 0 3.17499 7.82962 0.27877
5.31019 0.12268 2.36121 0 6.72671 -2.41275 0.43702
0.31237 -0.00391 0.59371 0 17.82631 1.10150 0.56671
1.00864 0.02153 0.37125 0 8.70294 -2.53471 0.26148
-2.31476 -0.15296 1.23855 0 22.91633 3.60289 0.49127
0.72224 -0.16268 0.25817 0 -29.83954 7.59016 0.20937
1.61871 -0.09136 0.99522 0 2.25650 3.81859 0.52311
5.60042 0.18092 4.78692 0 21.90807 -5.98882 0.84151
-20.89810 0.07876 11.58919 0 7.19287 -1.35397 0.55401
4.29419 -0.10800 2.66536 0 -29.97556 4.18759 0.60457
9.35730 -0.17110 3.38550 0 12.37621 3.75166 0.35989
-25.50414 0.14276 11.42684 0 -24.30382 -5.39297 0.44780
-13.83579 -0.08861 9.72836 0 23.95282 2.00492 0.70137
4.69998 -0.05167 0.92367 0 9.68763 4.34633 0.19234
7.69443 0.01899 4.33193 0 20.94864 -1.40625 0.55839
-10.56339 -0.17374 8.31089 0 -8.52861 5.98131 0.78332
0.67662 -0.04636 0.65940 0 -13.31600 2.41456 0.54616
-8.25044 0.04800 1.69927 0 -28.03644 -3.90271 0.20470
1.76662 -0.27683 0.74981 0 21.06322 6.87676 0.36944
17.27590 -0.01770 5.06615 0 -8.85044 -1.13587 0.29293
-21.39304 0.02458 6.31605 0 -24.30401 -2.40071 0.29508
-0.38026 0.29162 0.71141 0 20.02443 -7.81122 0.66497
0.02316 -0.00430 0.28141 0 -28.23408 2.03474 0.28133
-0.06801 0.03024 0.27730 0 25.84919 1.03705 0.27476
0.77461 0.23029 1.05047 0 3.11647 -6.16858 0.83049
5.61998 0.08508 3.06847 0 -6.69773 -3.43847 0.53763
-0.31788 0.05985 0.48801 0 -28.29018 -2.82566 0.46509
13.36489 0.06186 12.35137 0 20.34854 -2.33375 0.92164
0.99271 0.05354 0.82551 0 24.93508 -2.40451 0.58590
-12.28319 -0.19213 5.61384 0 -15.64573 7.04918 0.45563
-3.91362 -0.06881 1.88530 0 -26.70111 1.04688 0.46679
3.05107 -0.26134 1.15473 0 20.82018 6.38799 0.35978
12.57811 0.02179 5.02099 0 -9.90965 0.71264 0.39805
-0.96679 0.17064 0.63345 0 28.99166 -6.22685 0.45546
0.41655 0.25483 0.42030 0 -11.57989 -6.14562 0.38800
4.43617 0.24348 3.13904 0 -5.22898 -6.42512 0.69034
-25.09590 0.05284 8.40199 0 -21.47149 -0.01066 0.34277
-21.58257 -0.28884 11.12867 0 20.49263 7.64816 0.51517
0.92663 -0.18945 0.32640 0 -1.13296 3.56352 0.23951
1.45974 0.10317 1.39676 0 20.20894 -2.35862 0.78945
-0.22325 0.15030 0.65760 0 -4.59798 -5.25861 0.64181
2.66173 -0.08387 1.07957 0 -16.27838 3.97079 0.37979
9.05880 -0.14795 8.55456 0 25.47686 5.08557 0.93869
-21.53848 -0.16451 21.60145 0 -2.99134 5.55091 1.00190
0.14932 -0.08816 0.61714 0 -13.83781 3.57816 0.61037
-14.82329 0.11959 11.02640 0 -24.08408 -4.26143 0.69606
6.43563 0.29211 2.53535 0 -0.51451 -7.23331 0.38941
-6.06235 -0.14344 4.97200 0 29.39465 3.73700 0.80927
1.89355 0.12398 0.46338 0 11.71627 -1.25495 0.21654
-0.42404 -0.05254 0.64621 0 -27.64220 0.79649 0.59494
-23.21524 -0.00852 5.83461 0 9.11064 -1.70464 0.25129
4.94348 0.00352 2.04700 0 -25.80214 -1.28615 0.40598
-20.17174 0.12849 16.19551 0 29.05442 -4.43069 0.80196
2.60190 -0.22782 0.41409 0 27.24817 3.34852 0.14870
1.58348 -0.05288 0.39878 0 -4.87936 -0.73597 0.21311
0.23544 0.07708 0.26527 0 -28.49736 -0.24543 0.25822
15.85558 0.14182 6.87531 0 -4.16876 -5.40585 0.43287
0.42260 0.25386 0.26565 0 -28.64390 -5.31018 0.24472
-6.42058 0.00136 6.05972 0 1.14715 0.58881 0.93261
-1.53101 -0.00056 0.60176 0 18.21165 -1.45894 0.32916
-1.37035 -0.30142 0.72059 0 23.84192 7.78426 0.42482
-2.41378 -0.01131 1.80037 0 -27.58629 -0.32122 0.68917
-1.32420 0.13891 1.16080 0 -1.19910 -3.33888 0.69959
-0.26560 0.05329 0.59044 0 -6.41186 -2.42066 0.57066
-0.83773 -0.15519 0.45822 0 29.99510 3.24803 0.35131
-6.45553 -0.24931 3.50722 0 5.93646 6.53416 0.53698
-24.83161 0.29341 14.27353 0 14.48100 -7.73075 0.57443
-3.12123 0.09479 2.64030 0 6.93600 -3.40828 0.80566
-1.56140 -0.17911 0.42681 0 -19.75714 3.17598 0.23031
-0.57707 0.17770 0.37998 0 -9.92131 -3.64800 0.32915
-1.93126 -0.19488 0.99337 0 -8.94116 4.75982 0.45682
-5.05663 0.12632 1.13869 0 -29.07317 -1.37184 0.22103
-7.81219 0.12057 1.66712 0 22.03142 -1.66197 0.27568
0.92965 -0.02110 0.70659 0 -29.52430 -0.27358 0.51756
-0.45393 0.18203 0.40187 0 -15.64302 -3.93451 0.36596
-0.70694 -0.28576 0.58001 0 -29.99577 7.46370 0.47365
5.16798 -0.11733 1.31570 0 11.53671 5.73200 0.25008
8.36287 -0.08346 4.74574 0 -17.98208 1.67233 0.56355
-11.83728 0.06190 2.93427 0 -3.90902 -3.88373 0.24720
-18.17691 -0.02627 11.07536 0 24.12689 1.71230 0.60847
-5.00627 0.09820 4.87852 0 23.77178 -2.32390 0.95569
24.87516 0.15733 6.99896 0 9.43214 -6.56853 0.28131
22.92488 -0.09544 7.43369 0 18.65035 1.35739 0.32410
-20.39195 0.21363 14.36569 0 12.89527 -5.55853 0.70370
-9.75551 0.01958 7.03998 0 8.14202 -1.21958 0.71795
-6.64294 -0.24233 2.49395 0 -21.33556 5.88195 0.37137
-12.84706 0.19220 5.74482 0 25.89491 -4.49048 0.44593
11.57957 -0.07090 8.61047 0 -28.66216 1.51510 0.74090
2.31103 -0.13390 0.64819 0 -19.75090 6.18320 0.25758
0.40995 0.24029 0.76864 0 28.56411 -6.35420 0.71120
21.01148 0.34606 4.67980 0 -9.21284 -7.70808 0.22269
3.84424 0.15819 2.83379 0 17.02221 -3.92613 0.71348
-22.45549 -0.13144 18.40079 0 11.51331 3.38717 0.81868
-14.61782 0.19698 5.41793 0 5.38080 -7.32222 0.36991
4.81020 -0.29400 1.80358 0 -26.29389 7.36500 0.36725
1.68240 0.23085 1.30835 0 23.08911 -7.68155 0.66857
-25.89347 -0.18316 20.59476 0 18.44411 6.25750 0.79484
-12.07458 0.08918 7.22921 0 -20.45557 -3.46596 0.59675
-21.00858 -0.10293 6.04368 0 -9.36381 5.00458 0.28752
5.05031 0.28268 1.64514 0 -19.87604 -6.65357 0.31965
-7.12717 -0.20154 2.04092 0 11.21490 4.25415 0.28375
-0.50877 0.02320 0.74679 0 9.78595 0.15345 0.66561
-6.49505 -0.00082 2.53391 0 -28.16571 -1.22170 0.38571
25.02410 0.05714 10.55807 0 16.67798 -2.85872 0.42169
13.58761 -0.09502 6.12246 0 -20.17759 4.09460 0.44948
8.79303 0.26048 6.45637 0 25.55938 -6.96919 0.72962
-16.08834 -0.29034 7.33688 0 29.38591 7.54985 0.45527
-0.52384 -0.06205 0.33114 0 26.63513 3.71409 0.29337
6.32712 0.06153 3.93716 0 28.96764 -0.93073 0.61471
2.79558 0.03175 1.97700 0 27.30774 -1.64163 0.66591
1.90649 -0.29336 0.96554 0 3.07947 7.61953 0.44858
-1.84789 0.08015 0.88635 0 17.72363 -3.55639 0.42195
2.39797 0.10876 0.93742 0 29.17143 -1.75177 0.36093
3.87056 0.13302 1.63191 0 -28.18764 -5.21141 0.40836
24.10932 -0.23362 21.62815 0 11.38264 7.71345 0.89637
-0.16608 -0.00821 0.68228 0 -1.58332 -0.43211 0.67306
-13.53681 0.12550 3.05388 0 8.29948 -1.39083 0.22520
8.34087 0.23839 2.47547 0 -20.16200 -5.57310 0.36337
-21.14658 0.20651 17.70480 0 -3.66308 -5.46852 0.83637
-12.93832 0.03355 4.71486 0 28.06099 -2.34149 0.36346
-2.28465 -0.02252 1.60407 0 -22.43938 -0.03795 0.64325
-2.86015 -0.17282 1.36787 0 27.51324 6.46663 0.45153
-7.20442 0.19839 6.81318 0 -0.29730 -5.29625 0.93677
-5.33063 -0.28624 2.19920 0 28.20905 7.28180 0.40554
2.33478 -0.21947 1.14724 0 9.80878 7.90255 0.45175
-1.58956 -0.08303 0.52689 0 -2.58004 0.74396 0.28068
-4.38093 0.05224 2.25593 0 9.99581 -2.51282 0.50217
8.61117 -0.00771 3.62629 0 -21.14324 -0.91031 0.41842
-25.49048 0.02695 10.82817 0 -14.65914 0.47718 0.42458
9.44182 -0.10607 4.60919 0 8.76614 4.34343 0.48555
-4.01746 -0.21989 1.63586 0 -7.78763 5.31351 0.39527
4.39871 0.04180 2.63951 0 25.68176 -2.05139 0.58519
14.24824 0.14531 4.84235 0 18.30478 -5.86055 0.33916
-4.03313 -0.21706 4.66001 0 -27.10876 6.10795 1.12155
-26.48474 -0.14503 17.72266 0 9.23929 3.64886 0.66876
-1.19490 -0.06041 0.46000 0 -13.45199 3.65229 0.29529
3.37126 -0.08243 0.50647 0 -20.92724 0.35068 0.23279
16.60417 -0.11582 7.93832 0 -11.45484 4.65896 0.47733
-0.43834 -0.12070 0.86560 0 29.98095 4.36483 0.79279
-0.71229 -0.19537 0.93080 0 20.07823 6.66227 0.75817
1.13681 0.04609 0.43213 0 -4.82778 0.49110 0.28550
-2.38343 0.14855 1.45333 0 -29.09022 -5.32392 0.56233
-12.33106 -0.09046 11.05292 0 23.83766 3.37637 0.89347
-17.71403 0.03744 8.10402 0 -26.14335 -2.16794 0.45687
6.17762 -0.05592 5.90448 0 -3.51884 2.30445 0.94355
4.48122 -0.05457 4.78753 0 -12.58710 1.22667 1.04278
3.49867 -0.12120 0.88954 0 29.95764 1.60692 0.24463
-0.97663 0.02428 0.34313 0 -29.99980 1.43951 0.24555
2.89906 0.19172 1.03445 0 21.98546 -4.09812 0.33742
15.74091 -0.11476 9.42061 0 22.58175 4.40308 0.59736
2.26625 -0.03657 0.93804 0 -15.79214 -0.17204 0.37878
-5.15099 0.15041 0.65955 0 21.71307 -0.32101 0.12579
-7.72194 -0.05900 3.72302 0 -18.61547 0.77996 0.47824
-0.45027 0.02302 0.42494 0 -10.95406 0.71056 0.38749
-4.25582 0.14089 2.08276 0 -2.90031 -3.05021 0.47647
-1.89359 0.18418 0.72677 0 29.90984 -3.88641 0.33951
15.94228 -0.11826 4.36091 0 6.16761 5.57647 0.27318
-13.91144 0.09918 4.92581 0 13.40024 -1.43666 0.35331
-4.78578 -0.00064 1.54043 0 29.02766 -1.52554 0.31525
20.40978 -0.01248 3.91260 0 -25.00046 -1.36929 0.28077
21.67799 0.21148 5.41821 0 -11.62116 -4.51408 0.30571
-0.02419 -0.06368 0.25989 0 22.52890 0.02016 0.25981
-5.39965 -0.09728 5.68244 0 -26.20435 3.50219 1.03493
1.58098 -0.11017 0.48297 0 13.40916 1.39180 0.25833
-22.11699 0.05516 5.53413 0 -21.71661 0.47326 0.25016
-0.74457 -0.05947 0.23056 0 -23.35410 4.69888 0.18499
-3.64782 0.22132 3.00476 0 -27.22024 -7.25661 0.79451
-8.38719 0.15681 7.15671 0 -11.73477 -5.25307 0.84735
-15.27105 0.22007 15.93785 0 -27.12608 -6.05597 1.17269
6.51525 -0.20253 3.61335 0 29.99593 7.16149 0.54827
-8.36565 0.14700 5.34919 0 -22.62958 -5.16718 0.63498
-0.00111 -0.16033 0.41553 0 11.12877 6.18849 0.41553
16.68835 0.01787 6.41688 0 -29.54480 0.87770 0.38395
-0.23802 -0.06039 0.29643 0 12.41249 3.69439 0.28838
-17.60839 -0.23184 2.73482 0 -28.63011 4.41585 0.20439
-0.81331 -0.08879 0.54588 0 23.23135 1.53067 0.42355
10.24763 -0.00375 5.40215 0 29.16647 1.16894 0.52476
-10.00983 0.09284 2.81904 0 20.29987 -4.57891 0.28040
1.01614 -0.19337 0.47329 0 -23.41666 4.28360 0.33204
14.99273 -0.01352 3.30104 0 14.32590 -1.84718 0.21991
3.45692 -0.19288 0.83879 0 -19.31475 3.60514 0.23325
14.65559 0.16852 3.36712 0 -17.96184 -6.65623 0.32376
-1.26268 -0.07582 0.29950 0 -29.87910 5.19067 0.18607
-1.93517 0.21928 0.80782 0 5.26752 -5.04534 0.37094
-9.00361 0.10429 4.45795 0 29.80998 -1.99822 0.49220
5.96365 -0.28973 1.20615 0 6.12605 6.00362 0.19963
23.98803 -0.13128 13.93840 0 27.19799 3.12264 0.58064
0.74439 -0.12230 0.99564 0 21.56146 4.40842 0.79868
21.96052 -0.13443 4.93263 0 17.45069 6.51612 0.22460
-1.33089 -0.00111 0.61427 0 -29.43795 -1.27325 0.36907
-24.86523 0.11890 7.52255 0 -15.48043 -1.77725 0.30245
-2.76505 0.01107 1.98920 0 -24.11202 -1.00731 0.67656
-0.11584 -0.03822 1.11315 0 -2.76765 1.69177 1.10576
-2.93767 0.02060 0.74884 0 6.85446 -2.67162 0.24149
5.74111 -0.14522 2.75019 0 -2.32212 3.33065 0.47200
0.78070 -0.24104 0.59856 0 1.93275 6.15261 0.47185
1.63098 0.11807 1.10852 0 -29.37757 -2.56581 0.57948
-20.22889 -0.07148 5.73113 0 -0.22069 4.06748 0.28314
-20.43727 -0.05229 13.29394 0 24.41757 2.44259 0.64977
-23.88377 0.18722 6.68720 0 3.37442 -3.64877 0.27992
0.59962 -0.04139 0.68984 0 13.93697 2.19200 0.59165
0.43132 -0.07168 0.45268 0 -26.03061 0.99758 0.41569
10.53609 0.14991 7.43542 0 16.67040 -3.66902 0.70262
23.43144 -0.07668 13.30020 0 -23.09941 3.29593 0.56719
-1.06366 0.18056 0.93286 0 -13.94370 -6.18382 0.63901
23.16039 -0.10063 10.90193 0 -20.13838 2.00359 0.47038
0.46036 -0.00040 1.15634 0 -28.80538 0.57991 1.05038
0.48469 0.04706 0.74278 0 23.73363 -0.56471 0.66842
-18.04980 -0.24636 7.85856 0 16.52131 6.21077 0.43483
-19.43239 0.15148 6.86831 0 -24.38708 -2.98372 0.35312
-3.36112 -0.14015 1.40663 0 16.85971 2.98706 0.40119
-22.35476 0.20826 16.90867 0 -18.05907 -6.89475 0.75569
-14.81719 0.00895 6.47532 0 29.87269 -1.36200 0.43613
-0.25698 -0.10141 0.38038 0 26.28621 4.54904 0.36842
-0.66310 -0.26697 0.73525 0 22.03241 7.17870 0.61279
0.16240 0.01765 0.59163 0 -28.78090 0.42718 0.58398
-1.21022 -0.08324 0.88179 0 -19.34089 3.50345 0.56174
-2.72843 -0.04733 1.49778 0 -26.75505 0.50830 0.51556
-11.92363 0.23015 3.17825 0 -0.03526 -4.79781 0.26580
4.04468 0.22454 2.74417 0 -22.08608 -7.50107 0.65872
-27.02194 -0.02884 18.57462 0 10.35999 0.20208 0.68699
-19.49688 0.29571 5.19891 0 28.21265 -6.68809 0.26649
-3.11425 -0.27459 3.33167 0 -17.15630 7.76443 1.01869
-2.58012 -0.01297 0.90565 0 -9.03947 -1.09358 0.32739
-0.89426 -0.05365 1.12797 0 -28.11496 1.08118 0.84084
-4.15115 0.21792 3.48013 0 29.78271 -5.78990 0.81514
15.77884 0.20391 5.56915 0 -25.69420 -4.52073 0.35238
-0.71899 -0.22422 0.32946 0 -1.44714 4.80174 0.26758
-2.16569 0.19036 1.98708 0 -16.97916 -6.28225 0.83308
-3.31909 0.00209 0.76543 0 1.14740 2.34575 0.22090
0.49690 -0.05107 0.74833 0 25.44277 2.38159 0.67017
2.03619 -0.12479 0.58336 0 -19.24331 5.90229 0.25729
2.87254 0.13306 1.66312 0 14.66990 -2.95789 0.54688
-0.18230 0.18899 0.53905 0 -27.04460 -6.61816 0.53032
-0.30762 0.16749 0.85785 0 14.59020 -4.29797 0.81994
-18.66280 0.15632 9.13819 0 20.39706 -5.70560 0.48904
1.75423 0.18035 2.35749 0 24.42986 -4.87235 1.16755
0.11363 0.19940 0.41138 0 -4.69170 -4.59461 0.40875
0.87555 0.24317 0.46645 0 -20.05140 -5.66023 0.35100
0.61858 0.04450 0.40123 0 -20.25438 0.24562 0.34127
0.05937 0.03243 0.48569 0 -29.65190 -1.95127 0.48484
5.17272 -0.15766 1.96090 0 29.10965 6.25975 0.37232
9.99092 0.31138 3.66005 0 5.82126 -7.69342 0.36465
19.57320 -0.03448 11.25485 0 -24.02286 2.00966 0.57435
-0.52682 0.09846 0.36416 0 -28.47666 -1.27516 0.32221
1.21430 0.12560 0.88814 0 17.08200 -4.62141 0.56464
1.10702 -0.30174 0.54020 0 3.16401 7.56751 0.36219
-4.36338 -0.15316 2.04842 0 -7.26179 3.53160 0.45781
-22.95417 -0.17162 8.15336 0 -29.65047 6.69493 0.37118
-0.09366 -0.13002 0.98923 0 -16.92274 3.45196 0.98492
-24.97050 -0.25253 10.17542 0 -20.87596 6.30717 0.40729
6.48424 -0.09025 3.55153 0 -26.48403 3.75094 0.54141
8.87331 0.19987 4.50473 0 28.19172 -7.00541 0.50457
-4.39688 0.21695 2.16984 0 1.97685 -5.30537 0.48127
3.88655 0.25461 1.34320 0 23.12225 -5.91854 0.33478
-3.08445 0.22611 1.11557 0 -21.84175 -5.13349 0.34417
0.45236 0.21218 0.59097 0 29.60910 -5.28280 0.53846
0.47020 -0.04748 1.25403 0 20.80801 1.05441 1.13485
4.16088 0.22496 1.48333 0 0.05788 -5.11141 0.34678
-0.33627 -0.17479 0.56104 0 7.68843 6.34334 0.53179
7.44670 -0.24556 1.64689 0 -13.69533 4.98497 0.21941
11.38970 -0.12885 3.46503 0 -29.36547 5.70617 0.30322
