-4.25180 -0.14496 3.94216 0 -29.66581 5.01763 0.90257
-26.84374 -0.14355 22.62656 0 -25.87955 3.76537 0.84238
-17.76136 -0.17577 14.33962 0 25.21738 6.02344 0.80613
0.39523 -0.05129 0.34748 0 6.79340 3.22108 0.32317
1.17622 -0.05168 0.90113 0 27.45654 0.75442 0.58373
0.09195 0.02726 0.43168 0 -19.46285 0.45306 0.42986
8.89999 -0.04915 7.45314 0 -29.87650 2.17364 0.83225
-4.78865 -0.14823 3.35819 0 18.52450 3.76419 0.68666
18.95236 0.31785 5.17685 0 5.64171 -7.36807 0.27295
-1.00318 0.02721 0.72528 0 -4.43956 -1.73729 0.51209
-4.81000 -0.14335 4.60956 0 -25.27334 4.94668 0.93831
5.02313 0.29293 2.85897 0 19.10655 -7.68866 0.55832
1.70346 0.04039 0.64634 0 -29.93654 0.43265 0.32730
18.25015 0.18338 12.65280 0 -10.29889 -4.65079 0.69233
-13.30850 0.11676 7.57643 0 -9.47923 -4.34757 0.56778
16.86191 -0.20364 5.74706 0 -8.11129 4.62279 0.34038
23.84385 0.19810 8.27709 0 -8.57251 -7.32508 0.37782
12.35329 -0.07463 8.57064 0 16.65819 1.57727 0.69160
1.36258 0.13618 1.39433 0 29.75409 -4.64498 0.82501
9.86392 0.16643 5.65017 0 4.03171 -5.85637 0.56997
6.86987 -0.12341 4.29948 0 -17.77776 4.63423 0.61940
-7.15529 0.19690 5.79158 0 -1.82511 -6.50810 0.80016
-2.34635 -0.10375 2.39012 0 -26.56070 2.64141 0.93714
-3.52898 -0.18168 1.28038 0 28.45838 7.10096 0.34914
-3.75802 -0.07552 2.51069 0 23.82220 3.14915 0.64570
12.01528 0.21769 4.09190 0 24.32930 -4.86678 0.33953
1.87081 -0.16066 0.99017 0 27.56551 3.77534 0.46686
-1.49094 -0.14779 1.49864 0 24.37142 3.88607 0.83482
-13.21128 -0.07375 10.56860 0 29.87551 1.64955 0.79775
-1.96569 -0.05531 1.62656 0 14.45600 1.04562 0.73757
17.64605 -0.11429 5.28109 0 -28.14335 5.28242 0.29896
0.42209 -0.02341 0.98839 0 -26.44902 1.34596 0.91060
-1.03385 0.13193 0.37709 0 21.52195 -5.92103 0.26227
0.60978 0.23859 0.75371 0 9.68626 -6.22383 0.64352
11.83542 0.29950 3.75499 0 -23.41666 -7.11953 0.31629
7.59983 -0.11685 3.79814 0 -27.73164 2.54135 0.49559
7.62063 0.18656 3.11270 0 29.17854 -6.86801 0.40510
-0.93927 0.12548 0.76766 0 16.79272 -2.75441 0.55959
-14.30091 -0.08996 4.12119 0 29.10178 0.99410 0.28764
-6.76526 0.01792 1.69612 0 -6.11870 1.60855 0.24821
12.17666 0.05541 9.90779 0 1.86149 -2.21612 0.81100
21.42991 0.13700 21.34679 0 -27.92632 -3.50299 0.99509
-13.13919 -0.09954 9.22377 0 -22.46361 3.81243 0.70005
0.36696 0.21040 0.50630 0 17.13911 -5.09908 0.47532
3.58896 0.11935 1.93877 0 -14.15246 -2.50285 0.52044
-4.27544 0.05629 0.97008 0 28.81445 -3.96547 0.22106
-2.32880 -0.11428 0.72773 0 20.29613 5.35625 0.28722
-1.79044 -0.14385 1.82867 0 -10.44892 3.80883 0.89174
-22.40046 0.16313 12.45509 0 29.57372 -5.78049 0.55555
4.09076 0.05600 2.35112 0 -12.80513 -2.52253 0.55841
6.09540 0.12572 1.92066 0 15.78393 -2.02622 0.31110
-0.91712 0.17005 0.87616 0 23.97979 -4.20089 0.64577
-9.18164 0.19018 2.54148 0 28.56478 -3.70454 0.27535
2.93908 0.05493 1.59328 0 -16.38639 -2.57198 0.51325
3.28407 0.06043 1.67748 0 5.83923 -0.68308 0.48873
-0.96340 -0.16932 0.75117 0 -20.75264 6.15850 0.54101
-2.19304 0.02753 1.28899 0 -16.49778 0.21133 0.53483
14.68229 -0.04580 4.69541 0 12.12128 3.07420 0.31921
-7.19334 0.02718 4.56706 0 10.67858 0.07881 0.62893
-2.39242 -0.20044 1.13108 0 -4.80388 4.86919 0.43629
7.91334 -0.02707 7.70354 0 -20.53171 1.42380 0.96586
-1.96194 -0.24232 1.39065 0 -25.86725 6.48026 0.63157
-8.04634 0.08049 5.37504 0 28.33380 -3.11558 0.66298
-0.67115 0.09330 0.86213 0 -20.67924 -1.99722 0.71587
0.34394 -0.06650 0.91757 0 24.87738 1.48457 0.86768
2.93239 -0.20999 2.39544 0 -20.79893 7.09342 0.77321
1.52469 0.18782 1.43295 0 -23.72565 -6.24439 0.78592
-0.20622 -0.29355 0.54999 0 -26.16016 7.83282 0.53866
25.85669 -0.12250 16.19728 0 29.21243 4.59749 0.62603
-2.26332 -0.00775 1.22455 0 25.52658 1.34814 0.49501
0.93434 0.16133 0.42387 0 11.01813 -6.51067 0.30977
1.27868 -0.15665 0.44353 0 28.04744 2.87190 0.27338
-8.28322 0.29003 3.02703 0 27.14988 -7.07005 0.36294
2.01728 -0.03982 1.09021 0 -8.17955 2.33800 0.48429
-17.36967 0.17303 4.27581 0 -16.52191 -2.97854 0.24596
-1.09384 0.08959 1.33893 0 -29.34368 -3.18124 0.90345
-0.57444 -0.12744 1.03400 0 26.87794 4.49171 0.89661
1.00765 -0.22238 0.54979 0 -13.09977 5.35893 0.38733
-1.24356 -0.18014 0.74724 0 6.69846 6.64749 0.46833
-4.31409 0.10096 1.31895 0 -15.70118 -1.21998 0.29793
-7.92080 -0.15933 3.03861 0 -6.23782 3.48429 0.38073
-6.72274 0.18569 3.87419 0 -26.95223 -6.44463 0.57009
1.45850 -0.11795 1.20881 0 -20.86686 2.86032 0.68362
25.07288 -0.04222 7.27072 0 0.65643 -0.41733 0.28992
0.33663 -0.14022 0.29912 0 21.81667 2.45590 0.28351
-2.39992 -0.11240 0.99834 0 9.52868 4.58684 0.46394
-1.36698 -0.12345 0.54261 0 -22.47539 2.16987 0.32049
-10.36033 -0.14488 4.07635 0 -23.91348 3.09596 0.39176
-9.07004 0.14193 6.27049 0 -17.89575 -3.41510 0.68725
8.30297 0.11157 3.68151 0 28.97869 -4.46052 0.44032
-15.57677 -0.00275 7.94496 0 26.53539 -0.67820 0.60743
1.13985 -0.13998 0.51382 0 -18.16628 2.74567 0.33891
-2.10477 0.22054 1.21024 0 -29.90910 -7.60894 0.51941
0.78202 0.06774 0.66693 0 -14.07043 -0.97467 0.52539
12.21086 -0.17663 9.88774 0 -5.46531 4.72175 0.80711
-3.49110 -0.06290 0.98717 0 -29.92115 0.08522 0.27199
-13.30417 0.30470 4.06877 0 -17.86859 -7.20513 0.30513
6.01290 0.00812 1.08835 0 -6.41648 -3.05399 0.17871
-1.96879 -0.25289 0.50489 0 14.91313 5.29402 0.22879
1.11089 0.10578 0.51714 0 29.55978 -1.60235 0.34609
1.33422 0.17696 0.54552 0 -22.05979 -6.89967 0.32725
-9.85063 -0.03693 6.17752 0 7.06304 2.01212 0.62399
-8.38512 -0.13640 2.36633 0 18.73841 6.08687 0.28039
-2.87922 0.25208 1.17789 0 -17.20401 -6.06042 0.38659
22.01943 0.07277 8.24495 0 7.17261 -3.49084 0.37418
1.32532 -0.08499 0.51516 0 21.22818 4.31684 0.31037
8.57800 0.10047 2.14015 0 -2.81507 -5.06528 0.24801
11.06939 -0.16000 6.85525 0 25.75005 5.75051 0.61686
-5.40195 0.22070 3.30153 0 -18.82193 -7.46555 0.60109
0.81316 -0.23929 1.16078 0 -11.08659 6.64853 0.90063
0.51811 -0.26134 0.46088 0 -12.38472 6.57021 0.40924
27.05945 0.08793 7.52942 0 29.93904 -0.71116 0.27824
0.71583 0.01197 0.53105 0 -27.65570 -1.46453 0.43186
4.32451 -0.21866 2.73325 0 28.40956 5.76088 0.61585
-0.59715 -0.03502 1.53076 0 2.76745 1.52188 1.31428
7.57152 -0.12866 2.41972 0 -29.87530 2.30635 0.31698
0.02517 0.19762 0.49827 0 29.99882 -6.95082 0.49811
-1.00130 -0.03946 0.74863 0 9.14857 2.23703 0.52906
-1.77496 -0.04417 0.73916 0 -20.47207 2.82800 0.36292
-19.15494 -0.10111 5.16035 0 26.39724 1.20342 0.26921
17.39024 0.18715 12.33162 0 -4.61465 -4.77955 0.70801
-1.74255 -0.01506 1.20461 0 -22.27993 -0.31966 0.59963
-17.50575 -0.05455 7.81311 0 29.95227 0.56888 0.44570
-4.20644 -0.11090 4.81009 0 -29.33319 2.94168 1.11258
5.45269 -0.02048 3.26749 0 -28.21829 1.56509 0.58954
-0.03197 -0.08501 0.66838 0 23.64837 3.40876 0.66804
3.31164 -0.14289 1.24024 0 -16.21902 2.91515 0.35858
5.79539 -0.06366 1.50352 0 16.76168 4.02765 0.25585
3.02798 0.14780 1.12761 0 29.96371 -5.87122 0.35370
-1.78094 0.18544 0.90692 0 29.16878 -4.28641 0.44410
-1.42197 0.02852 1.36287 0 4.39233 -1.42829 0.78403
0.45371 -0.30408 0.47438 0 -3.99738 7.88328 0.43201
1.97861 -0.23379 1.25567 0 -14.31557 6.13046 0.56645
1.40080 0.01070 0.64485 0 -20.89448 -1.60814 0.37476
-12.79934 0.22378 4.65367 0 0.82892 -5.14391 0.36262
-22.19757 0.13149 4.76021 0 -1.89394 -6.37875 0.21446
-19.39851 -0.15298 5.99355 0 -22.53734 2.98004 0.30872
1.35386 0.09298 0.59456 0 9.72140 -1.25258 0.35334
-0.57706 -0.04502 0.25249 0 -24.71039 3.59195 0.24011
0.66253 -0.20190 0.74130 0 -25.46808 5.26921 0.61800
-6.64699 0.12727 3.28904 0 24.74750 -2.67522 0.48941
-0.10567 0.22111 0.44553 0 -29.11259 -7.81539 0.44306
5.05434 -0.14593 1.53527 0 12.32178 2.71323 0.29816
-21.36410 -0.16265 22.86084 0 -21.21736 5.46074 1.06894
1.30303 -0.00886 1.41140 0 29.91950 0.92285 0.88855
21.49999 0.10008 5.00737 0 28.43222 -5.19552 0.23286
-9.42994 0.12864 6.21753 0 -9.71335 -4.58283 0.65574
-7.09181 -0.24279 8.69458 0 -15.64169 6.90938 1.21403
9.03170 0.12196 4.58473 0 -29.51316 -2.54926 0.50464
16.21531 0.12601 7.81454 0 21.50474 -4.79829 0.48111
-1.42335 -0.06739 0.41064 0 20.67667 4.31508 0.23619
9.65539 -0.15586 7.82570 0 15.19569 5.41891 0.80625
2.68307 -0.02599 3.23186 0 -16.65321 0.40799 1.12873
-11.83375 0.08017 6.92211 0 10.20685 -1.44199 0.58295
-0.97127 -0.01987 0.84222 0 -29.99893 1.52545 0.60420
1.62140 0.14878 1.86403 0 27.85408 -4.92497 0.97854
4.83875 0.09271 2.74011 0 -25.38408 -3.63989 0.55466
-2.34758 0.05611 0.76440 0 -23.68709 0.10661 0.29963
-1.39498 -0.11708 0.56373 0 -16.95306 5.20564 0.32857
-15.57700 0.28770 6.30783 0 11.00593 -7.15725 0.40423
0.60283 0.11802 0.68110 0 3.12477 -2.57027 0.58333
-13.12959 0.05059 3.58828 0 -27.19584 0.44058 0.27269
-0.10398 -0.24018 2.03119 0 25.68747 7.01245 2.02030
-5.86180 0.22152 3.49404 0 29.97876 -5.64102 0.58767
-2.33168 -0.02472 1.16859 0 -11.26694 1.93699 0.46070
-0.30360 -0.16588 0.30424 0 -16.57011 6.92999 0.29114
-0.14514 -0.14848 0.61336 0 27.43373 5.41374 0.60700
21.98389 0.17290 10.57035 0 29.40118 -4.00602 0.48043
5.37796 0.09760 2.53387 0 0.45013 -1.73426 0.46331
-0.85234 -0.11386 0.68862 0 17.26577 2.50916 0.52413
1.11363 0.11887 1.00769 0 -23.88928 -4.26545 0.67329
1.87519 -0.27222 0.87847 0 -20.82280 6.90053 0.41345
0.55373 -0.04893 0.75069 0 -10.51204 2.33281 0.65674
0.83288 -0.12752 0.48497 0 28.42778 2.51509 0.37271
10.49687 0.02138 6.28938 0 -29.96992 0.29702 0.59655
-5.27727 0.00089 2.11785 0 10.74481 -1.24347 0.39455
1.45910 0.15257 0.60725 0 13.58508 -2.97477 0.34342
-3.05312 -0.05879 1.56136 0 27.46403 0.79127 0.48615
1.65102 0.24634 0.94479 0 29.72487 -6.18652 0.48954
0.43891 0.09427 0.43474 0 -3.28108 -1.55934 0.43362
16.89404 0.21552 8.80691 0 -30.00000 -7.45225 0.52049
2.70425 0.26467 1.06148 0 25.26707 -6.35699 0.36825
-11.94076 0.06831 2.95002 0 18.19447 0.11145 0.24639
7.21741 0.17765 1.87020 0 11.82771 -3.20290 0.25686
-24.85859 -0.02336 7.09685 0 -28.56102 2.58584 0.28543
-1.07156 0.05579 1.11904 0 2.88588 -0.92126 0.76352
-3.87933 -0.01290 3.95305 0 -29.90579 0.98681 0.98685
0.69987 0.26082 0.55412 0 28.78592 -6.52338 0.45403
0.02241 0.20761 0.98778 0 -10.71241 -5.59934 0.98754
14.57583 0.18588 4.49312 0 26.81585 -3.77763 0.30769
11.66387 -0.27417 7.40688 0 29.60756 7.41875 0.63278
9.88857 -0.05503 11.63199 0 -24.97401 1.29412 1.17038
1.96894 -0.05954 0.59504 0 -25.56599 -0.03183 0.26963
0.17168 0.10653 0.36771 0 4.08727 -1.69123 0.36241
-0.77888 -0.10170 0.63566 0 -27.40213 4.17589 0.50152
2.28528 0.26134 1.27128 0 0.12823 -6.66994 0.50968
0.29206 -0.22726 0.73189 0 19.11549 7.69317 0.70255
-14.36396 -0.16047 5.92030 0 -29.80737 3.61906 0.41129
1.73436 -0.03785 0.90305 0 10.70971 2.35710 0.45115
2.72498 -0.21858 1.89963 0 -6.19463 5.81008 0.65452
1.83139 0.24937 0.81454 0 29.86308 -5.99537 0.39045
1.29623 -0.06816 0.94387 0 -3.45115 1.23615 0.57659
5.94800 -0.04465 2.02394 0 -16.24350 2.95829 0.33585
-0.88871 0.17107 0.65240 0 25.60844 -3.96819 0.48770
-0.68777 -0.09218 0.46193 0 18.00725 4.22089 0.38065
-2.60474 -0.17291 2.82649 0 -29.46532 4.74403 1.01310
0.72014 -0.12489 0.54988 0 26.09472 5.01338 0.44626
-1.06250 -0.19276 1.11789 0 -29.72305 6.57543 0.76619
2.15998 0.13014 1.20596 0 28.51845 -2.79631 0.50673
-0.46558 0.01826 0.75504 0 -0.38776 -1.21476 0.68450
10.68223 -0.21363 4.86926 0 -24.82301 7.71606 0.45395
-4.20535 -0.01561 1.63221 0 0.97820 -0.80499 0.37770
-6.99963 0.11334 4.35945 0 25.17400 -2.47870 0.61663
-0.31940 -0.07724 0.48537 0 -29.38639 1.28798 0.46236
12.69556 -0.27651 3.52975 0 -12.82083 6.38019 0.27735
-1.09056 -0.11404 1.16291 0 -27.32901 4.16915 0.78599
0.92381 0.20840 0.67393 0 14.20872 -7.28911 0.49507
4.77596 0.10669 2.62087 0 -5.26433 -2.15712 0.53717
-16.31391 0.07667 4.49988 0 -22.32955 -4.08305 0.28030
-5.09605 -0.00863 3.57123 0 -29.70547 -0.40345 0.68773
15.30077 -0.11622 7.83812 0 -6.05110 2.55463 0.51127
9.98831 0.16572 4.16732 0 -29.48309 -3.62366 0.41526
-0.75486 0.04528 0.42187 0 -29.62216 0.24224 0.33676
-8.45921 -0.13531 3.05970 0 17.27074 2.69420 0.35933
0.14986 -0.09615 0.53022 0 -2.18748 3.96134 0.52437
0.16262 -0.18280 0.22338 0 -29.99864 3.18342 0.22049
11.14900 -0.26335 4.83047 0 22.44310 6.69771 0.43164
-5.34330 -0.16996 3.28166 0 -14.30773 6.07307 0.60376
-0.66045 0.30587 0.27131 0 27.42165 -6.61677 0.22645
-0.70296 -0.00572 0.35520 0 -27.03870 2.01878 0.29064
-15.76780 0.10983 10.30272 0 -20.79635 -2.41959 0.65217
-7.89539 -0.04419 2.94405 0 -16.05628 0.02444 0.37006
2.17149 -0.02759 4.67852 0 -29.63143 0.64766 1.95702
2.85960 0.02918 1.66820 0 9.38599 0.13444 0.55073
-4.18480 0.21165 2.36773 0 -24.28476 -5.28835 0.55034
7.56776 0.17719 3.31856 0 -17.99877 -6.48536 0.43484
10.21571 0.16434 8.84549 0 26.90769 -5.47073 0.86181
2.60181 -0.11620 1.25041 0 -28.51587 2.41345 0.44868
-8.26050 0.08964 7.71240 0 29.07796 -3.16813 0.92693
-2.94743 -0.18626 0.77936 0 -27.35838 3.56585 0.25054
0.21249 0.10562 0.41877 0 -7.51728 -4.36965 0.40963
-5.56545 0.28656 2.57472 0 22.20443 -7.27771 0.45539
3.31821 -0.01092 3.37363 0 19.02226 0.93425 0.97351
4.04307 0.19343 2.45731 0 29.14071 -6.64826 0.59013
0.54889 -0.03178 0.27473 0 -21.29284 3.18033 0.24090
-11.41702 -0.13780 3.52570 0 26.90162 2.52779 0.30779
-1.16057 -0.23816 0.43332 0 15.31557 5.31252 0.28292
5.38829 -0.04714 2.24048 0 -22.74536 2.75694 0.40891
4.03818 -0.18022 1.45905 0 12.50905 3.98243 0.35081
-1.89374 -0.08037 1.49963 0 29.84520 3.23269 0.70031
16.54822 -0.01427 8.56600 0 -5.57964 1.50085 0.51679
-2.59270 0.22665 1.39565 0 -25.10323 -7.83444 0.50230
18.86363 -0.27991 14.77982 0 -13.70907 7.75575 0.78247
1.08486 -0.06542 0.38057 0 4.45547 0.05869 0.25803
0.54693 -0.15882 0.35603 0 -27.76842 6.58013 0.31243
1.09445 -0.15516 0.68509 0 19.54019 5.73961 0.53378
0.68406 -0.04880 1.28519 0 -16.96527 2.02964 1.06076
1.64854 -0.02472 0.59176 0 28.48646 2.49885 0.30704
-23.44260 0.23397 8.87456 0 13.05674 -5.50242 0.37835
-8.23161 -0.10647 3.30445 0 23.12732 4.59417 0.39862
-23.27875 -0.20630 5.16839 0 -11.30021 3.88213 0.22204
-0.63256 -0.00246 0.50370 0 -22.85759 -1.04734 0.42572
1.50050 0.10273 0.89981 0 29.99620 -1.96616 0.49906
-2.21346 0.16613 0.79328 0 -21.59663 -3.29666 0.32671
-0.60547 -0.27096 0.30777 0 -22.61064 6.11760 0.26332
-5.22667 0.22606 1.75705 0 -7.16891 -5.06725 0.33027
-0.98494 0.21268 0.33528 0 -29.96644 -4.07049 0.23898
0.53480 0.14747 0.93963 0 -20.17337 -4.98425 0.82860
-3.09485 0.06862 2.30260 0 -27.32790 -1.25230 0.70802
-1.63868 0.04479 0.68503 0 24.67772 -2.70822 0.35696
1.06381 0.23903 1.16268 0 14.34430 -6.39905 0.79638
0.37885 -0.06384 0.57855 0 28.66398 2.95184 0.54104
-4.35418 -0.23520 0.72112 0 -12.81513 3.83584 0.16154
11.74678 -0.11015 14.99753 0 -16.98583 2.97784 1.27217
-1.57101 -0.18531 0.69415 0 27.63165 7.11140 0.37284
3.72036 0.20191 1.76013 0 -28.52233 -4.80450 0.45696
15.78599 -0.30379 5.75589 0 -4.38493 7.63448 0.36402
-11.23030 -0.01448 13.14017 0 15.12124 0.95466 1.16550
-0.60089 -0.05867 0.76880 0 -29.99506 2.62382 0.65900
-2.69849 -0.13334 1.90361 0 -18.78717 3.29291 0.66153
1.63775 -0.30084 0.56186 0 19.36603 7.18204 0.29291
21.51999 0.10031 4.63892 0 -29.97667 -5.39036 0.21556
0.43426 0.03577 0.88344 0 21.74270 -1.62514 0.81034
-8.87818 -0.00679 4.91689 0 4.35578 -0.64439 0.55043
-22.98694 -0.24453 23.43030 0 -14.38941 6.87383 1.01837
-11.16548 0.10602 5.46825 0 -5.44218 -4.17403 0.48789
-1.11634 0.03508 0.66119 0 3.20890 0.18801 0.44123
1.27217 0.10037 0.97722 0 -12.66943 -3.79470 0.60396
0.74523 -0.03708 0.63820 0 -24.33152 2.19809 0.51175
18.01045 -0.09165 5.78860 0 2.23414 4.46362 0.32106
17.47854 -0.04585 7.73243 0 20.17368 2.62320 0.44178
-0.32236 -0.12542 0.65971 0 25.98868 4.68349 0.62790
-2.53722 -0.12398 1.57542 0 29.36462 4.71315 0.57785
-12.99109 -0.01867 5.00222 0 26.85431 -0.69067 0.38404
-3.62667 -0.26121 1.49789 0 -29.91037 6.52969 0.39824
-21.02937 0.05441 5.18055 0 -25.79243 0.52793 0.24627
0.46388 0.03693 0.88402 0 26.35533 -0.38854 0.80195
-6.09280 0.07410 1.61909 0 5.19387 -4.13336 0.26241
-16.54659 0.20336 9.85321 0 -27.05902 -5.11566 0.59448
7.82709 0.18694 7.25390 0 28.64602 -4.94538 0.91935
4.15661 0.06396 3.07884 0 -23.13977 -2.55411 0.72025
4.02428 -0.30406 1.60263 0 29.99889 7.73174 0.38672
11.74900 0.01188 6.74703 0 -1.57907 0.61832 0.57228
-11.78483 0.13875 6.77305 0 22.44345 -5.00819 0.57275
1.31408 -0.23600 1.67493 0 -29.58126 6.61891 1.01435
-10.33896 -0.05061 5.19250 0 -10.16472 0.57577 0.49999
0.81284 -0.23240 0.42641 0 -5.93162 5.41751 0.33094
0.88364 -0.08777 0.70716 0 1.94834 3.69662 0.52995
-1.82310 -0.07268 2.11903 0 -24.50015 1.75735 1.01912
7.33056 -0.07990 4.79246 0 -29.99280 3.27865 0.64784
1.22669 -0.04584 0.69618 0 -16.46141 2.62797 0.43996
8.93185 0.07962 2.04609 0 0.77320 -0.05710 0.22787
6.58812 0.19940 3.46677 0 -28.45540 -4.87169 0.52035
-0.29099 -0.25395 0.47419 0 -29.28163 6.48870 0.45531
-0.35225 0.18833 0.42500 0 16.49579 -6.93710 0.40087
-1.97890 -0.27168 1.66196 0 -13.54512 7.48219 0.74962
-7.11086 -0.24110 6.71318 0 6.24165 6.72428 0.93493
-9.79779 0.02979 7.09066 0 -16.09616 -0.10207 0.72003
11.92640 -0.06527 3.92802 0 -28.36964 0.47914 0.32835
0.75767 0.20010 0.51124 0 27.68984 -4.61120 0.40753
1.95131 -0.05787 1.44686 0 -23.01325 2.59872 0.65991
12.26430 0.03892 8.30095 0 25.72266 -1.84779 0.67467
-12.76504 0.24934 5.95284 0 -29.12003 -6.21623 0.46502
11.04170 0.12703 4.21971 0 -28.35086 -2.36731 0.38073
-0.81231 -0.05581 0.33220 0 -23.41241 3.77048 0.25792
-9.71166 0.16734 3.65930 0 9.72097 -6.38543 0.37494
0.94615 0.10630 0.76739 0 29.97808 -2.18031 0.55747
0.46129 0.11975 0.78591 0 -10.91473 -4.24751 0.71366
8.10140 -0.31861 2.65003 0 28.41938 7.87642 0.32479
2.42091 -0.07811 1.88378 0 -29.95712 3.14492 0.71922
0.54162 -0.09620 0.47535 0 29.90967 1.73500 0.41800
-11.40551 -0.14362 3.57802 0 -2.06283 2.72561 0.31267
7.43341 0.13114 2.92454 0 -29.44697 -2.52120 0.39004
0.36382 0.23732 0.76681 0 24.54127 -6.27661 0.72061
-21.34917 0.00915 13.45672 0 -28.89411 -1.00619 0.62970
1.41430 -0.06485 1.07944 0 -29.71833 1.20365 0.62325
1.37662 -0.10340 1.31333 0 26.22433 2.51314 0.77191
-17.60987 -0.12498 12.55771 0 -26.94244 3.09978 0.71203
-5.64801 0.14887 3.07916 0 5.99965 -5.37920 0.53690
-2.46478 -0.11323 1.05523 0 29.75328 2.17540 0.39682
1.92044 0.19587 2.13220 0 20.43750 -6.34792 0.98481
-0.13915 0.03373 0.56515 0 -3.61004 -0.01695 0.55976
1.19505 0.04695 0.75400 0 27.97658 -0.26980 0.48393
23.92979 -0.02757 8.91142 0 -29.36053 2.28973 0.37220
-21.18609 -0.05190 8.84138 0 9.90027 2.87636 0.41697
0.95998 0.11813 0.52702 0 -27.03822 -2.10191 0.38025
5.71112 -0.07517 1.68701 0 -8.59195 4.12881 0.29118
14.10760 -0.04220 10.07680 0 25.72491 2.06836 0.71256
7.08618 0.06782 3.31216 0 -0.14414 -3.07223 0.46293
-4.71874 -0.19821 2.96317 0 23.09104 6.91980 0.61439
-11.26386 0.10852 6.66258 0 -13.97387 -2.29622 0.58927
21.64684 -0.16393 21.33363 0 29.32388 5.54254 0.98453
-14.26596 0.12915 3.36836 0 28.80242 -1.60017 0.23574
-10.74232 0.19710 2.65235 0 -29.96649 -3.68102 0.24604
0.94228 -0.13161 0.82945 0 -4.41317 4.90555 0.60370
1.80881 -0.04836 0.78527 0 16.24030 0.18542 0.37999
4.01849 0.07401 1.59986 0 -18.03738 -3.48411 0.38642
-0.51267 -0.17596 0.28306 0 29.54939 7.54761 0.25193
-2.93679 0.12810 1.57612 0 23.73465 -4.80256 0.50825
0.27103 0.03745 0.56211 0 -0.16179 -0.05132 0.51618
-10.83079 -0.00331 6.95963 0 -10.02709 -0.61873 0.63993
0.43029 0.15322 0.43919 0 5.08677 -5.84718 0.40345
-0.64974 0.06176 0.43028 0 12.56035 -0.35205 0.36085
-1.12446 0.10290 0.54283 0 9.56633 -4.46248 0.36080
10.68909 0.06728 6.69095 0 -10.95665 -1.11399 0.62332
21.59582 0.01137 18.51835 0 29.86322 -0.85715 0.85664
-3.32055 -0.12228 3.67527 0 -29.85887 4.24476 1.05985
-7.02811 -0.11889 3.20370 0 21.68145 2.50033 0.45140
11.02272 0.26934 4.64687 0 -0.60130 -6.67462 0.41996
0.72806 -0.04683 0.81338 0 -21.79703 2.26833 0.65759
1.06671 0.18108 0.64649 0 6.56276 -4.15322 0.44223
14.63913 0.06576 2.98069 0 -10.37803 0.62790 0.20338
24.03357 -0.13948 13.67867 0 -24.97207 3.34734 0.56874
0.38894 0.18126 0.28971 0 29.73602 -3.40665 0.27003
-0.09163 -0.18937 0.40105 0 -11.89639 4.43225 0.39938
0.71052 -0.15953 0.78242 0 28.17580 5.70730 0.63785
-3.95143 -0.16681 1.57401 0 -13.27028 3.72412 0.38622
-1.87263 -0.13376 0.52608 0 -5.96994 6.26201 0.24796
7.19321 -0.03451 4.41767 0 27.09917 1.96055 0.60837
-0.90509 -0.10834 0.53789 0 -17.51450 4.65031 0.39885
-0.98303 0.10567 0.42652 0 -26.11941 -4.82357 0.30423
-8.51195 0.18272 3.22050 0 23.33282 -6.85657 0.37589
-10.80299 0.25361 14.84420 0 -23.34033 -7.11951 1.36827
1.95162 0.05390 0.78296 0 -28.13247 -0.10238 0.35714
3.58035 -0.10730 1.12955 0 27.21314 1.60504 0.30401
4.91752 -0.11199 2.43817 0 29.44071 2.37641 0.48601
6.17309 -0.16597 2.29177 0 0.12544 6.53929 0.36660
3.62814 0.01472 1.83076 0 1.84924 -1.41376 0.48651
15.24790 0.05345 8.53155 0 -16.64231 -2.44553 0.55841
1.81761 -0.02201 1.06030 0 24.28343 -0.25889 0.51117
-2.84611 -0.17436 1.26934 0 24.43302 4.05771 0.42088
9.81053 -0.06436 2.12242 0 -27.08076 -0.36569 0.21545
2.88139 -0.24257 1.01160 0 -7.57469 5.71696 0.33176
-2.68660 0.28686 0.91503 0 15.54632 -6.77205 0.31925
4.40164 -0.14197 0.37437 0 -19.62574 6.71930 0.22763
3.58212 -0.07426 1.89596 0 -20.73785 1.30215 0.50996
-3.73562 0.19400 4.49091 0 16.17728 -6.20678 1.16142
0.92734 0.02793 0.77213 0 -26.29116 0.14643 0.56621
23.61658 -0.09133 9.20927 0 -11.21349 4.16257 0.38972
4.59897 -0.21487 4.17337 0 -4.40199 5.91564 0.88679
0.14049 -0.12128 0.52530 0 -7.00753 2.72207 0.52020
7.00704 0.21228 5.28869 0 -17.60281 -7.02561 0.74726
-15.63671 0.18910 8.67545 0 25.85965 -4.62910 0.55377
-1.02824 -0.11880 0.89308 0 -4.24245 4.48972 0.62269
24.18868 -0.00244 16.53015 0 27.98446 -0.59439 0.68287
8.91877 0.14809 11.48845 0 -9.48023 -3.95048 1.28014
0.70994 0.03924 0.43884 0 -29.62536 0.33336 0.35788
0.94806 0.17080 0.48154 0 -20.49611 -3.53752 0.34953
-0.05157 -0.23445 0.32953 0 1.38516 5.46789 0.32909
8.52875 0.08948 3.34013 0 -12.95395 -1.28142 0.38909
18.33799 0.11978 9.39130 0 -19.91417 -4.54256 0.51146
-2.73875 0.21047 2.43498 0 21.93000 -6.89194 0.83524
-2.04648 -0.16188 0.85238 0 -28.97099 3.53591 0.37432
-0.53770 0.04354 0.70266 0 4.52504 -0.39792 0.61889
2.30640 -0.17049 2.49150 0 2.04592 4.66058 0.99124
0.40166 -0.24906 0.65955 0 -5.40823 6.65104 0.61203
18.82670 -0.24235 11.46216 0 -23.16575 6.44769 0.60805
1.10480 -0.25606 0.74067 0 -7.99375 6.65083 0.49710
2.68671 -0.22393 0.55970 0 -9.08006 4.07127 0.19541
6.26421 0.24196 3.50678 0 -8.72139 -6.18476 0.55290
-2.07994 -0.10711 0.46600 0 -17.84332 5.93496 0.20210
17.37309 0.26732 8.17293 0 10.20716 -6.75352 0.46976
-12.23651 0.27068 4.05426 0 29.79063 -6.36241 0.33037
-0.53594 -0.00422 0.61867 0 -26.58678 -0.73019 0.54531
-0.00758 -0.12562 0.30158 0 22.78453 2.13351 0.30158
-3.31842 -0.03317 1.98094 0 -4.01968 0.18156 0.57164
-5.33988 0.06524 1.56831 0 -3.39016 -3.67711 0.28883
15.07446 0.06195 4.01968 0 18.01154 0.14633 0.26625
-12.46067 0.03768 8.47422 0 10.82914 -0.29469 0.67797
0.07907 0.08299 0.27096 0 16.19903 -0.50902 0.27012
-6.05249 0.28643 3.39502 0 -6.33092 -7.49000 0.55351
0.01318 0.18527 0.30841 0 -21.46322 -7.26370 0.30838
-0.96096 -0.02933 0.83500 0 22.05543 1.81325 0.60212
