-13.63169 -0.03139 4.72892 0 23.96050 2.51015 0.34612
-2.13320 0.04728 1.77850 0 -7.73626 -0.65901 0.75493
0.07560 0.25670 0.34398 0 -29.36721 -6.01775 0.34300
-12.87535 0.17475 13.33434 0 29.79301 -5.68226 1.03259
0.63622 0.14439 0.34586 0 10.44324 -6.09503 0.29184
-0.51992 -0.12834 0.24023 0 10.28246 1.50870 0.21319
2.46047 0.03846 0.58819 0 -24.83392 1.23962 0.22156
-0.83140 -0.10779 0.56367 0 -27.55498 4.52683 0.43349
-0.76692 -0.11954 0.89939 0 -22.36094 2.93948 0.71369
-1.37141 -0.02914 0.56624 0 5.26606 -0.57765 0.33370
-12.74459 -0.17654 3.20615 0 29.83868 3.28575 0.25099
-4.60271 -0.06761 1.64180 0 -11.02206 0.63958 0.34864
-24.71816 0.03296 10.43187 0 28.86343 0.30485 0.42180
7.74788 -0.06380 2.57383 0 8.22250 3.57030 0.32961
-10.55580 -0.10113 6.09286 0 -28.95605 4.02446 0.57472
19.33203 -0.25586 17.23276 0 21.56491 7.13156 0.89027
16.05419 -0.21009 6.68699 0 6.42195 7.72139 0.41584
1.78593 0.01841 0.85315 0 18.72127 0.75586 0.41692
-1.84776 -0.00646 1.58301 0 -13.38237 0.95400 0.75351
-1.10303 -0.19904 0.92367 0 29.89023 5.18823 0.62044
-0.33829 -0.02101 0.58330 0 -29.28592 1.63942 0.55255
-4.95773 0.14198 2.25009 0 -2.06102 -5.37667 0.44500
-2.68202 -0.12183 2.23060 0 29.26899 4.41047 0.77935
-5.37022 -0.35140 0.88008 0 20.22351 7.45920 0.18159
-0.65948 -0.29009 0.53232 0 -12.29146 7.51291 0.44443
0.06445 -0.18923 0.58415 0 -22.55484 6.69403 0.58294
0.44490 -0.01058 0.61797 0 -6.29064 -0.50699 0.56462
1.70724 0.11220 1.65021 0 26.35674 -3.91234 0.83410
0.11870 0.14175 0.48736 0 -29.96831 -3.09261 0.48396
1.07014 0.17372 0.81523 0 -25.67468 -6.10197 0.55664
16.30505 0.16833 4.88142 0 6.57966 -3.21400 0.29898
-4.95795 0.19597 1.18666 0 26.46976 -3.54613 0.23471
-0.43657 0.27527 0.50973 0 -1.43300 -6.97930 0.46717
2.72075 -0.03467 2.99297 0 -27.41464 0.62581 1.03262
4.18163 -0.20664 1.78459 0 17.35834 7.61722 0.41512
11.09302 -0.12004 7.72316 0 4.12244 4.44063 0.69348
8.00681 0.17642 3.62827 0 -21.37948 -6.41962 0.44976
4.31895 -0.03128 1.40317 0 -8.92218 2.64590 0.31674
-10.69728 -0.29476 3.50402 0 10.07916 7.19880 0.32629
-15.72554 0.06372 7.07773 0 13.39150 -0.68968 0.44928
5.26884 0.16672 5.54639 0 -29.99944 -5.43846 1.03427
4.66197 -0.25907 1.37273 0 27.89287 5.94970 0.28798
6.75515 -0.15991 3.53234 0 -28.63668 5.91692 0.51737
-4.41738 0.02599 4.79963 0 -12.58929 -0.21589 1.05980
-2.49525 -0.28660 0.68246 0 26.75753 6.48982 0.25394
-0.23625 0.16479 1.25886 0 -27.64958 -4.42996 1.22513
4.44688 0.01096 1.98116 0 -26.26744 0.92900 0.43482
-16.33233 -0.02615 8.19537 0 7.21638 -0.15497 0.50095
-8.78249 0.01194 5.92808 0 -26.75503 0.48538 0.67073
0.08134 0.01414 0.37462 0 10.83917 1.02755 0.37339
3.32650 0.00383 1.79745 0 -1.43833 0.95479 0.51751
8.03482 0.04732 1.94567 0 6.50269 -3.49617 0.24050
7.25272 0.06942 5.64678 0 -24.32342 -1.33571 0.77134
-3.93885 0.02940 4.58715 0 -12.14360 -1.25473 1.12881
-11.34684 0.20508 11.25750 0 1.60668 -5.52464 0.98835
5.84727 -0.19285 2.13968 0 3.75962 7.39481 0.36093
-0.77461 -0.14294 0.75015 0 -28.60666 3.48772 0.59307
0.22638 0.23139 0.85144 0 -28.64352 -6.20105 0.83043
0.78165 -0.18957 1.44423 0 -2.65934 5.29747 1.13789
2.21247 0.09180 1.28631 0 19.96437 -1.70075 0.52991
5.97685 0.04374 2.44528 0 29.88550 0.01609 0.41032
5.69644 -0.20978 2.93544 0 -27.31925 5.31470 0.50769
5.38955 0.16736 2.92279 0 -29.35350 -5.95069 0.53329
0.40463 0.03184 1.00124 0 29.68298 -0.32291 0.92815
-3.70362 -0.19241 1.67317 0 -22.29555 4.66159 0.44691
0.19193 -0.19351 0.76316 0 -28.52439 6.61426 0.74948
-1.23213 0.25637 1.01904 0 29.68818 -6.74557 0.64221
-5.71423 -0.05355 4.49372 0 16.52097 2.35228 0.77471
-3.15118 -0.13633 1.39547 0 29.81786 5.43196 0.42216
-16.47665 -0.13654 14.21338 0 29.99925 3.57027 0.86111
-22.93179 0.13452 22.59364 0 -28.05478 -3.42328 0.98437
-10.76192 -0.06473 3.27078 0 -28.21477 3.74017 0.30278
-20.88788 -0.17956 10.93787 0 27.13964 6.50634 0.52314
-2.06851 0.17551 1.10563 0 10.36220 -6.31129 0.48130
14.42452 -0.14721 14.25791 0 -27.53064 5.03567 0.98613
15.59181 0.03788 7.98415 0 -29.83201 -0.05424 0.51112
0.20152 0.26256 0.61481 0 -21.28446 -6.87160 0.60270
-1.22923 -0.03924 0.35198 0 -26.28875 3.59187 0.22224
-0.08652 0.19524 0.92258 0 -27.04349 -6.36879 0.91915
-5.87907 -0.00652 5.39590 0 -8.21547 -0.28805 0.90488
-3.09513 -0.19645 4.45542 0 -24.39446 5.58170 1.36982
0.74213 0.15692 1.15928 0 26.99899 -5.19947 0.93096
-10.41240 0.14783 5.07805 0 -8.94318 -5.45396 0.48556
-0.22242 -0.04768 0.64476 0 -29.96365 0.69816 0.62939
-3.62881 -0.08886 1.87295 0 20.86057 3.79389 0.49769
0.84975 0.09115 0.34914 0 -25.71846 -4.62933 0.26612
-4.63041 -0.06705 4.18892 0 -0.16511 1.51212 0.88433
-25.59016 -0.14228 9.05445 0 -0.17286 2.87736 0.35369
2.85965 0.09050 1.91977 0 -14.75594 -3.45482 0.63384
0.09847 -0.15252 0.56982 0 27.51540 3.73156 0.56707
1.72716 0.18037 2.10161 0 -18.87483 -5.84220 1.05307
1.63823 -0.18213 0.74369 0 4.42014 6.95632 0.38754
-2.94793 -0.31622 0.92840 0 -25.62637 7.65679 0.29843
12.41735 -0.18356 12.78559 0 22.08888 6.11480 1.02638
-3.89398 -0.13227 1.04896 0 -25.75385 2.06563 0.26103
-2.23952 0.17437 1.49870 0 7.97313 -4.28289 0.61111
-0.44109 0.24545 0.53315 0 -29.26441 -6.15675 0.48782
3.24558 0.05827 3.96349 0 14.12872 -2.10787 1.16710
5.08213 -0.12909 3.49418 0 26.04397 3.18189 0.67474
3.12311 -0.20640 2.40849 0 -17.14953 7.02168 0.73455
1.55439 -0.02463 1.23304 0 -0.38716 1.58834 0.66720
9.84629 0.12781 6.74220 0 18.65596 -2.98882 0.68131
1.82366 0.23919 0.72749 0 29.53327 -5.53948 0.34987
2.54825 0.21862 1.18832 0 -17.46597 -7.76483 0.43416
-16.71047 0.22978 5.57800 0 26.64157 -5.19016 0.33335
8.61110 -0.16582 4.79652 0 24.67073 4.10282 0.55338
-1.20096 0.07023 1.15752 0 -29.92002 -1.33233 0.74070
-5.47250 -0.11198 1.78827 0 8.61275 5.08434 0.32161
-0.83621 0.14484 0.53159 0 15.49631 -2.98442 0.40783
13.22844 0.15071 15.38322 0 -23.73496 -4.89795 1.15962
0.37761 0.01541 0.37529 0 29.67612 1.07650 0.35111
-0.41743 0.22032 0.87247 0 15.57561 -7.21693 0.80515
-15.86438 -0.20427 4.44685 0 15.17832 4.30877 0.27992
0.64658 0.04729 1.03535 0 -24.32199 -0.74850 0.86946
5.76783 0.06759 2.25726 0 13.37623 -0.61756 0.38570
2.16186 -0.27821 0.67517 0 -6.37497 6.47206 0.28362
-1.27195 -0.08185 1.13311 0 -18.17004 3.27732 0.70038
-14.34367 0.15581 6.24127 0 22.16091 -5.83083 0.43418
2.39745 -0.21128 1.24345 0 29.80834 5.29531 0.47872
-2.63436 -0.19291 1.08172 0 29.96067 4.35297 0.35042
1.29707 0.06344 0.65576 0 15.86442 -3.11559 0.40045
24.08503 0.13193 17.86607 0 29.69757 -4.58917 0.74122
-11.44182 -0.25846 6.73731 0 -19.89245 6.88887 0.58668
-5.69270 0.19499 4.02609 0 9.22878 -4.99945 0.69670
-14.82776 0.02051 7.04744 0 29.73888 -1.61525 0.47431
17.35091 0.24342 18.30262 0 -29.95596 -6.69634 1.05315
-1.25664 0.15191 1.09023 0 -26.24649 -3.70229 0.67892
0.96703 0.31688 0.38330 0 -8.38307 -7.36013 0.27562
-0.69401 0.01077 0.56334 0 17.76129 0.78950 0.49588
-0.43252 0.07586 0.43209 0 21.82293 -3.50556 0.39660
-5.94149 -0.05231 2.39407 0 -13.94242 0.36273 0.39745
-25.94817 -0.05329 16.98277 0 -29.47054 2.46735 0.65408
6.30876 -0.21540 3.59480 0 -25.18856 7.52942 0.56287
0.01336 0.07935 0.28447 0 23.18633 -0.49604 0.28444
-11.83833 0.07753 6.80831 0 22.20915 -3.14963 0.57315
-17.41823 0.10988 4.76826 0 -26.11560 -1.33065 0.27348
6.06935 -0.14887 1.52820 0 28.34334 2.87963 0.31256
-2.78318 0.02721 1.42715 0 -29.99948 0.32454 0.48265
0.23425 0.10958 0.34146 0 23.16547 -1.65427 0.33247
6.61408 0.22320 6.31247 0 7.92330 -7.20236 0.94373
0.60583 0.24040 0.82881 0 13.28670 -6.35509 0.70888
-4.49652 -0.08388 2.39475 0 -27.91208 3.59756 0.51995
-26.49563 -0.10246 14.92651 0 -29.82158 2.23769 0.56304
2.92506 -0.21187 1.96298 0 29.70100 5.58677 0.63503
-0.99159 0.00685 0.30096 0 -30.00000 -2.53276 0.21383
12.82904 0.22896 4.32667 0 -25.30254 -5.18072 0.33638
-25.04113 -0.29080 14.52551 0 22.45207 7.82567 0.57969
8.51476 -0.15591 3.10024 0 29.79182 3.31198 0.36175
0.09730 -0.23517 0.59187 0 29.52457 6.20793 0.58909
-0.71093 -0.25239 0.39299 0 22.67799 5.94447 0.32037
-14.73035 0.21047 10.52766 0 2.25196 -7.00619 0.71312
0.70706 -0.10863 0.67805 0 17.33142 4.28701 0.55366
9.68949 -0.11363 8.40063 0 20.50376 2.88853 0.86246
8.20000 -0.05074 1.90103 0 -29.73436 3.86063 0.23034
-15.31950 -0.03738 6.48644 0 28.90300 2.42041 0.42263
-0.37199 0.02480 0.54786 0 6.26345 0.33295 0.51350
1.03837 -0.15420 1.05667 0 -29.96313 5.43542 0.73302
0.78928 -0.14210 0.51055 0 16.36550 3.04367 0.40080
-1.29335 -0.22216 0.59864 0 13.49709 5.27369 0.36625
-2.49996 0.28401 0.50462 0 -12.85323 -5.50623 0.18746
-9.14054 -0.23174 7.69346 0 7.40598 6.37880 0.83675
-4.27525 -0.15264 1.00343 0 -18.05132 7.04252 0.22876
0.60999 -0.29943 0.33112 0 -25.96241 7.07435 0.28273
-3.61260 0.13956 2.10476 0 19.88358 -5.05158 0.56157
-1.16537 -0.24420 0.80928 0 -29.37048 6.36530 0.52707
-10.92355 -0.20013 3.45382 0 9.17556 7.78543 0.32678
-1.26050 -0.17577 0.61076 0 -20.16863 6.78976 0.37966
2.61947 -0.02183 3.32405 0 23.96489 0.30478 1.18557
-0.59452 0.13804 0.85260 0 24.48939 -4.78255 0.73288
4.68427 -0.13648 2.24756 0 23.47658 5.30797 0.46937
0.03604 0.20187 0.61228 0 -7.69195 -6.87297 0.61189
4.05559 -0.00616 3.65918 0 -28.40030 -0.31738 0.87612
-4.11059 0.20021 1.53980 0 23.94602 -7.44667 0.36415
9.90649 -0.17558 5.95579 0 25.41347 4.46254 0.59824
-25.32492 0.22127 15.88711 0 9.82952 -7.44444 0.62692
-0.12528 0.07950 0.42657 0 8.70844 -3.53274 0.42326
-0.35769 -0.00678 0.33006 0 -23.16465 -1.36385 0.31080
8.98049 -0.02982 5.18930 0 -24.43443 1.86931 0.57438
1.29977 0.20808 0.69625 0 8.75148 -7.46847 0.42463
-14.98657 0.05285 7.57422 0 -5.61013 -2.52683 0.50438
0.41394 -0.04699 0.60230 0 25.64976 2.41614 0.55652
-0.21973 0.14508 0.38669 0 -18.55520 -2.89025 0.37769
-21.62897 -0.12593 4.98706 0 11.65398 1.61859 0.23054
2.05975 0.10379 0.58625 0 -29.65846 -1.02374 0.25616
-2.74416 0.08439 0.89740 0 22.05514 -0.78047 0.30742
0.20700 0.00737 0.39736 0 -14.09832 -1.45697 0.38912
16.61419 -0.16994 6.59040 0 23.26803 3.84986 0.39608
9.19180 0.15680 1.70418 0 28.53757 -7.11198 0.21981
0.05716 -0.17554 1.25282 0 -16.01374 5.77734 1.25077
-3.25435 0.00341 0.53243 0 -16.61408 -3.32884 0.15652
-0.28953 -0.06075 0.74091 0 1.69957 2.62851 0.71168
1.41193 0.10256 1.23742 0 29.39283 -3.72560 0.71523
-0.93785 0.19733 0.46380 0 -26.45117 -4.26666 0.33836
6.64187 -0.07723 1.95470 0 -12.27299 4.19172 0.29118
-7.31009 -0.14736 1.67675 0 -13.38973 6.89048 0.22747
3.02836 0.18330 2.39679 0 12.07723 -6.13872 0.75161
-1.99470 -0.04699 0.70636 0 15.70548 -0.12483 0.31669
19.27104 0.06726 7.05193 0 -4.10536 -0.53457 0.36558
-7.55448 -0.03411 3.25938 0 -15.64000 2.30660 0.42783
-1.20022 -0.19816 1.18899 0 25.32550 5.32055 0.76113
-0.86985 0.11254 0.35123 0 29.94796 -5.29768 0.26507
-0.64176 0.04030 0.22035 0 -6.54690 -3.93460 0.18551
-5.83325 0.05972 3.63898 0 -5.31748 -2.54952 0.61495
-3.96333 0.14418 1.37083 0 10.74138 -2.69188 0.33551
-0.64612 -0.05939 0.71743 0 13.43695 2.71915 0.60262
-4.05336 0.13368 2.84534 0 -26.57442 -3.16394 0.68169
10.29017 -0.11586 5.70959 0 -27.29026 4.50900 0.55234
-0.42636 0.16077 0.75634 0 -18.34842 -5.51190 0.69575
0.89153 -0.29285 0.27758 0 -2.20730 6.19095 0.20730
-1.39755 0.18869 0.43573 0 -12.32056 -3.49968 0.25365
-3.55981 0.16233 1.64108 0 11.53792 -6.00334 0.44386
2.27587 -0.11454 0.93596 0 -29.94028 2.14479 0.37657
0.50503 -0.04304 0.87977 0 6.01468 0.72077 0.78532
0.16333 0.04405 0.45346 0 -13.91781 -0.09703 0.44754
-0.28625 0.17717 0.41064 0 29.99365 -3.89575 0.39480
-4.72938 -0.32490 1.15341 0 -17.95231 7.44111 0.23870
-21.46249 -0.05914 10.18462 0 29.62341 0.77477 0.47412
-16.59962 -0.03126 11.39649 0 -27.67320 1.76757 0.68538
-2.14698 -0.09111 1.94999 0 -5.90516 2.18827 0.82340
4.57981 -0.12617 7.01306 0 -13.39874 4.21738 1.49609
-0.86797 0.17827 1.38461 0 20.53668 -5.78229 1.04568
-2.94699 -0.07635 1.83716 0 26.96742 1.50149 0.59041
-25.25573 0.18710 11.16886 0 4.74627 -6.76965 0.44200
-9.31351 -0.19918 3.39374 0 27.42077 4.58635 0.36244
-4.10447 0.08916 2.54530 0 -12.14795 -3.45721 0.60255
-0.31640 0.19880 0.82005 0 -9.73626 -6.58211 0.78186
0.33379 -0.21153 0.45477 0 10.27824 7.71664 0.43138
11.30397 -0.01905 4.93886 0 -7.75963 -0.52199 0.43533
-1.92833 -0.08540 0.84866 0 27.15472 3.97819 0.39080
-2.06296 0.07640 1.31845 0 17.77057 -3.11209 0.57517
16.01579 0.03939 6.87627 0 -6.48552 -2.23066 0.45533
0.04437 0.03911 0.48932 0 -4.45498 -0.04547 0.48884
5.91172 -0.21133 2.78940 0 4.09876 7.61469 0.46535
2.13416 -0.03108 1.44831 0 -4.44481 0.18151 0.61463
-5.07151 0.08871 0.96690 0 29.88013 -5.41342 0.18718
-3.39452 -0.19214 0.99585 0 27.81738 7.81696 0.28157
-0.28044 0.06542 0.49875 0 20.13161 -0.81371 0.48023
14.49167 0.15946 13.80229 0 -29.68641 -5.26444 0.95022
1.75558 -0.15941 0.52168 0 5.66555 2.84329 0.25838
3.63824 0.19582 2.56075 0 17.51582 -5.00388 0.67871
3.50289 0.04649 2.46993 0 15.24245 -2.07183 0.67809
-0.31169 -0.27601 0.53726 0 -3.29552 7.26858 0.51293
-1.63731 -0.12271 0.59632 0 -22.98051 2.09885 0.31095
-7.06280 0.02162 4.70216 0 -0.78252 0.20804 0.65926
-0.47708 0.27629 0.96805 0 -17.80752 -7.56109 0.87372
-6.03775 0.08083 3.83647 0 4.13319 -3.17113 0.62691
2.75094 -0.27201 1.20234 0 -16.04112 6.88588 0.41084
0.74545 0.06660 0.46256 0 20.95360 -0.53493 0.37090
0.75129 0.03525 0.63765 0 -27.91213 0.02709 0.50983
-7.08985 -0.27747 4.36975 0 -8.47745 7.48336 0.61038
-1.36589 -0.14034 0.79136 0 -11.61336 5.43060 0.46754
-23.61995 0.08721 10.33287 0 -18.72240 -3.72771 0.43718
-7.34653 -0.05451 7.01459 0 -28.59175 1.17487 0.94614
4.96953 0.25790 3.58923 0 3.94178 -6.87011 0.70809
1.24250 0.21302 1.14756 0 4.01642 -5.55749 0.71957
3.13954 -0.07016 1.26458 0 6.42855 0.85066 0.38392
-16.33719 0.11235 8.00878 0 -2.58686 -2.23197 0.48940
-14.46535 0.17085 7.01715 0 28.12267 -6.16201 0.48405
-24.54315 0.31319 8.54912 0 -0.68845 -7.67329 0.34818
4.58502 0.11125 1.89179 0 -19.61286 -1.97492 0.40324
18.48331 -0.12695 7.21821 0 29.15145 2.55985 0.39008
14.34769 0.02500 9.87647 0 -23.50017 0.07585 0.68677
-1.00791 -0.15807 0.40885 0 -5.93516 3.00964 0.28804
-14.91659 0.21841 8.04220 0 -29.75044 -5.46547 0.53803
-27.20659 -0.13742 10.36817 0 -13.35261 5.60416 0.38096
-2.52081 -0.13171 0.67207 0 4.91354 1.94546 0.24797
4.08934 0.11926 1.48928 0 6.28342 -2.03480 0.35393
26.82469 -0.21469 8.55619 0 -7.52671 4.84139 0.31890
17.98245 0.23021 16.74170 0 25.22327 -7.42451 0.92962
2.18463 0.05082 1.56565 0 -29.33524 -0.66327 0.65652
-0.09405 -0.13641 0.72599 0 -0.04155 4.90579 0.72280
-0.26344 -0.04213 0.70977 0 -26.56556 0.59968 0.68635
-0.04867 0.23128 0.39038 0 -24.15353 -5.46558 0.38992
-0.42300 -0.20218 0.72137 0 -12.96594 5.33776 0.66439
6.76381 -0.11306 2.96286 0 27.10752 2.28003 0.43345
-22.45405 -0.01657 5.59227 0 -24.26865 -1.48016 0.24900
-5.17086 0.02891 1.77056 0 -12.48673 0.73563 0.33623
-7.08340 -0.16742 2.20600 0 -19.23084 6.86977 0.30853
7.22798 0.01443 3.10447 0 22.58299 0.85048 0.42557
20.23669 0.17806 9.69300 0 -29.47205 -4.15401 0.47850
-4.44034 -0.10929 2.53147 0 -15.56244 2.42991 0.55628
0.94287 0.04099 0.38576 0 12.53159 0.67442 0.28075
11.36191 0.03442 4.85138 0 -5.98156 -2.16016 0.42546
9.83451 0.04963 3.79162 0 4.72376 -2.75324 0.38369
-0.03917 0.16811 0.25227 0 13.85081 -2.88584 0.25208
0.26088 0.11057 1.02498 0 -27.01769 -2.71272 0.99179
1.35257 -0.18282 1.39601 0 16.55784 4.92336 0.82996
-1.73701 -0.31547 0.48836 0 27.88424 7.22253 0.24381
-0.62335 -0.11729 0.44612 0 -1.36038 2.23368 0.37863
-5.34862 0.09989 2.91852 0 20.80134 -1.95366 0.53648
18.16405 -0.23095 10.71254 0 29.33916 6.08343 0.58896
-5.20846 0.20995 3.73983 0 -26.66220 -6.99920 0.70522
-4.99090 0.30069 1.63133 0 20.01675 -7.17697 0.32055
7.20914 -0.00261 3.70147 0 -5.45703 -0.84617 0.50867
15.89809 -0.16624 13.78279 0 25.80774 4.45686 0.86529
1.88111 -0.18251 0.69179 0 -2.44433 3.93094 0.32489
-8.83272 -0.03435 2.27837 0 6.38874 -0.88441 0.25650
-2.51869 0.07004 2.52199 0 -28.97279 -2.57485 0.93068
22.99260 0.26645 5.15900 0 29.87532 -5.47386 0.22438
20.16388 -0.08587 11.57259 0 -2.04549 1.75967 0.57331
-2.29571 0.13015 3.95875 0 28.59863 -3.49255 1.58098
1.35001 0.09822 0.62267 0 -25.72553 -1.47626 0.37072
8.42897 -0.30562 2.45593 0 -24.02213 7.29688 0.28950
9.16412 0.17435 8.17670 0 -16.19788 -5.75618 0.88704
-3.08675 0.12634 2.37137 0 -23.33434 -4.42988 0.73093
0.17932 -0.29149 0.59749 0 21.99982 7.85986 0.58811
3.41742 0.22750 1.48653 0 -29.98895 -5.44575 0.41756
-2.90593 -0.23352 2.14363 0 -7.22693 6.30193 0.69755
-9.57990 -0.08838 6.38439 0 -7.93185 3.51684 0.66291
21.11544 0.22958 14.15563 0 -10.88434 -5.99111 0.66971
0.73491 -0.06319 0.83226 0 -27.60670 2.74654 0.67067
4.19661 -0.21671 3.34547 0 17.86092 7.29588 0.77553
4.24181 0.06217 4.64730 0 -29.89982 -2.26694 1.06643
12.38832 -0.11094 6.96273 0 14.68475 4.34583 0.56030
6.68565 0.05905 3.37335 0 20.46636 -0.66385 0.49911
-1.29465 -0.00518 0.69367 0 -19.17336 -0.97003 0.42408
-12.75228 -0.12686 4.44251 0 -29.92506 5.41685 0.34744
0.03000 -0.03428 0.73282 0 29.93272 0.41123 0.73249
1.22898 0.05511 1.28050 0 -17.28123 -2.20911 0.80822
6.28679 0.08257 4.21660 0 29.62029 -1.61919 0.66245
1.29766 0.09037 0.81799 0 -25.18950 -3.67380 0.49935
-1.70165 0.00563 0.67370 0 28.65488 1.41230 0.34142
16.91766 -0.18339 6.04658 0 -18.63493 7.11917 0.35693
1.35203 0.16883 0.63708 0 -17.33694 -6.41589 0.37892
-3.26406 -0.07555 0.63666 0 -5.48008 5.17448 0.18658
0.56224 0.22698 0.50424 0 -17.75429 -5.25568 0.36726
1.45005 0.33478 0.46010 0 17.46385 -7.75869 0.26133
1.75559 -0.16410 0.80286 0 -8.88344 3.68218 0.39746
1.31777 -0.11585 0.49168 0 -9.08987 5.34043 0.29733
1.05952 0.11068 1.72649 0 29.32995 -2.80116 1.18506
-1.18132 -0.05136 0.36973 0 -29.96734 3.79651 0.23900
1.36139 -0.05986 0.89081 0 -25.39729 2.85626 0.52741
1.15040 -0.22766 0.80641 0 26.84396 5.88326 0.52908
20.52496 0.16932 12.35350 0 -25.30482 -5.89473 0.60124
-0.24948 -0.24689 0.51770 0 5.74664 6.39337 0.50231
-11.53928 -0.18975 5.76406 0 29.11835 4.70369 0.49775
-5.26629 -0.20783 3.69967 0 -7.03623 7.11395 0.69027
-4.42384 -0.19758 2.42859 0 4.61287 5.00955 0.53557
-0.98303 0.07061 0.62738 0 19.21253 -0.89061 0.44745
1.74643 0.07628 0.91583 0 -28.79029 -3.34825 0.45515
-8.53025 -0.14845 6.15281 0 13.24413 5.27766 0.71645
0.37906 0.10770 0.67406 0 -20.40436 -3.98018 0.63030
8.19901 -0.08289 3.39459 0 -27.88771 1.31816 0.41109
0.58325 0.10544 0.54588 0 8.39444 -4.19407 0.47155
-2.62956 -0.04903 1.33036 0 -19.11447 0.46993 0.47295
-7.21550 0.06606 2.55598 0 -20.63481 -3.37935 0.35102
0.98316 0.09474 1.17636 0 -20.27102 -2.14540 0.83887
0.30129 -0.19349 1.26912 0 -6.14429 5.44374 1.21517
-27.22127 0.06558 13.21739 0 -19.14538 -0.82985 0.48533
-8.50039 0.18344 5.60847 0 20.99377 -6.25012 0.65534
-6.09296 0.13482 6.79874 0 -10.93286 -3.48842 1.10115
-3.01497 0.14848 2.05041 0 -4.33618 -5.19838 0.64555
1.38111 0.18375 0.90611 0 2.02249 -6.45568 0.53146
0.57010 -0.05296 0.31462 0 -18.36301 -0.20259 0.27336
0.71279 0.11227 0.66082 0 -9.93452 -2.32491 0.53815
2.11143 0.13647 0.74725 0 -27.96032 -2.38970 0.31996
-0.19660 0.19156 0.42714 0 -16.34009 -6.97598 0.41912
18.08054 0.26101 4.33781 0 12.72192 -5.47025 0.23975
1.35242 0.21860 0.83879 0 23.33965 -7.59438 0.49874
-0.98337 0.12121 0.26829 0 1.08486 -0.86232 0.19140
-0.24729 0.23822 0.91037 0 -14.36199 -7.69996 0.88375
-6.72232 -0.27243 1.96652 0 -27.80063 6.34457 0.28952
6.90770 -0.28307 1.99560 0 13.08250 6.62805 0.28608
-8.98469 0.11786 3.48287 0 -21.63300 -2.11181 0.38539
-0.39090 0.01825 0.72452 0 0.20081 0.29129 0.67480
-12.29882 -0.29733 3.59827 0 8.67731 7.07416 0.29177
-18.83205 -0.01592 16.44547 0 -29.39315 -0.02740 0.87210
16.32033 0.16131 9.78664 0 0.51422 -5.65446 0.59862
2.86532 0.17655 2.37727 0 -28.00823 -4.53703 0.78341
-15.05079 -0.15896 8.38271 0 29.22142 3.90367 0.55582
2.34123 0.01951 1.08697 0 -29.06848 0.69372 0.42705
7.94778 0.10675 5.92440 0 27.96437 -2.42155 0.73965
1.60970 -0.23066 0.88054 0 -1.57110 5.83092 0.46472
-3.93620 -0.12477 0.91187 0 29.99172 6.21381 0.22459
-8.93130 -0.20996 2.83379 0 -16.88761 4.68533 0.31547
0.54669 -0.04920 0.60156 0 -10.45177 0.58733 0.52786
4.41905 0.20617 1.36260 0 29.93958 -4.33184 0.30087
-7.82265 -0.25549 2.97815 0 -22.82313 6.28949 0.37776
-20.95346 -0.30674 5.41243 0 -19.33404 7.09957 0.25820
-1.46270 -0.22017 0.87213 0 26.96280 7.82038 0.49228
1.62281 0.14392 0.62226 0 -26.55774 -5.88024 0.32654
-8.18136 0.13893 2.24054 0 -15.26659 -6.06342 0.27201
-0.80832 -0.28888 0.64171 0 5.22673 7.61447 0.49909
0.07518 0.01397 0.31692 0 19.24758 -1.96290 0.31603
-0.41105 0.15750 0.60058 0 -17.44256 -3.69757 0.55549
0.40746 0.06071 0.32414 0 -29.41908 -3.46982 0.30021
0.25873 0.17433 0.38053 0 -10.40658 -3.71762 0.36841
0.20711 0.07248 0.68760 0 -23.65950 -1.33036 0.67331
1.17728 0.20820 1.58989 0 27.80901 -6.69799 1.02931
-2.33349 -0.18744 1.27962 0 24.24851 4.64899 0.50410
0.30344 -0.20286 0.35601 0 -29.93994 7.79941 0.34068
6.63237 -0.21387 3.09317 0 6.93047 5.32943 0.46127
-1.79534 0.20455 1.54378 0 -29.74547 -6.78606 0.75127
-6.62410 0.22669 2.69656 0 3.44547 -5.37458 0.40264
15.77439 0.04918 7.51322 0 -26.56632 -2.47825 0.47544
3.09182 0.00448 3.91236 0 3.50646 -0.47791 1.20401
-5.48204 -0.09545 2.05975 0 19.71009 4.36185 0.36972
1.27352 -0.15264 0.76289 0 25.92810 5.79754 0.47120
-1.87091 -0.17706 1.95133 0 -28.59649 4.81465 0.91988
-12.97266 0.07622 3.73467 0 26.45062 -0.41991 0.28720
0.28325 0.18712 0.23150 0 -26.92790 -3.17035 0.22275
-0.40409 -0.01574 0.42918 0 4.50207 1.84249 0.39794
-20.85665 -0.17925 10.24375 0 -10.35242 4.37868 0.49069
-10.47409 0.05198 5.36321 0 -7.40856 -0.47373 0.50982
-2.85401 -0.04955 2.06398 0 11.41848 0.81758 0.68259
-0.42003 0.08878 0.65220 0 16.49422 -3.44739 0.60132
2.08652 0.23798 0.60597 0 3.53618 -4.99573 0.26207
5.07251 0.12498 2.97975 0 -27.83128 -2.76655 0.57640
-2.27046 -0.10565 0.58709 0 13.43792 5.49211 0.23679
-6.28892 -0.25958 1.99847 0 13.42920 6.11879 0.31398
1.32731 -0.18222 0.62926 0 7.38733 6.99245 0.37874
-14.05614 0.17613 4.78698 0 -4.48013 -6.81057 0.33985
-5.77333 0.10901 2.29844 0 29.92086 -4.53007 0.39249
1.07195 -0.05451 0.93452 0 -25.51299 2.52495 0.63752
2.38677 -0.26338 1.08292 0 28.20743 6.65885 0.41852
8.67014 -0.24159 4.97403 0 29.62034 6.36587 0.57000
12.02083 0.26282 3.15078 0 -29.74362 -5.70614 0.26139
-10.03974 -0.18914 2.76078 0 -19.89718 7.78041 0.27381
18.61729 -0.11339 7.14424 0 29.84718 4.85915 0.38332
4.53097 0.07774 1.94084 0 -29.88923 -3.49367 0.41844
0.15051 0.07277 1.72059 0 6.93314 -2.40505 1.70143
-8.80736 0.06848 2.27850 0 9.33148 -4.00165 0.25724
2.03290 -0.08891 1.17266 0 -29.68490 1.75437 0.51770
-0.36114 -0.24048 0.77609 0 -27.31272 6.54203 0.72996
-1.10276 0.07869 1.20218 0 -18.95031 -2.92067 0.80761
-1.35760 0.03230 0.96280 0 11.01019 -1.78687 0.57106
12.37542 -0.06308 8.79979 0 29.13835 2.70157 0.70883
18.56561 0.27850 10.94979 0 -13.64355 -7.31806 0.58902
-2.43019 0.26483 0.96535 0 28.45906 -6.35847 0.36748
3.87168 -0.13069 0.97293 0 -29.32607 6.20762 0.24347
17.18479 -0.00138 4.83151 0 8.83809 -2.44814 0.20025
4.16418 0.14553 2.81896 0 29.62019 -5.09273 0.65832
9.12454 -0.16459 4.37258 0 29.99981 3.91395 0.47646
-0.33535 -0.12852 1.21351 0 8.31723 4.39391 1.15055
-14.12169 -0.10422 4.90101 0 -25.30741 1.71950 0.34633
-0.95896 0.18550 0.46649 0 29.34673 -7.11628 0.33677
-3.01507 -0.11184 0.68504 0 18.46097 5.90961 0.21582
-4.11777 -0.13694 1.04638 0 -29.58316 6.36891 0.24712
8.69685 0.07135 5.57310 0 22.93562 -2.87177 0.63670
2.92377 0.12777 1.05175 0 13.18474 -5.31401 0.34052
-1.39140 -0.29720 0.41065 0 16.35101 6.66619 0.23977
22.18287 -0.00102 9.82088 0 23.21328 1.26912 0.44238
1.82261 0.07547 0.70508 0 29.07693 -3.71809 0.33924
-5.37254 -0.17739 3.64173 0 -23.09228 4.60625 0.66646
-11.11044 0.04294 2.38714 0 -14.91063 1.18463 0.21422
2.40538 0.30934 0.68620 0 -28.42489 -7.05402 0.26357
-0.82362 0.08739 1.08368 0 -1.01202 -3.16088 0.83651
-0.51217 0.18388 0.68429 0 17.78978 -4.56130 0.60907
9.21804 0.00711 2.44807 0 17.55807 -2.07685 0.26421
-23.75746 -0.16910 13.50508 0 1.95707 6.10376 0.56804
0.56033 -0.21414 0.23710 0 3.61038 3.93681 0.20688
-6.03860 0.14482 2.51210 0 -22.26679 -5.56618 0.41051
-2.94648 0.29507 1.03665 0 21.70887 -7.08093 0.33333
-7.96952 -0.11773 2.89583 0 -25.12176 2.17908 0.36067
-1.28054 0.08543 0.82068 0 -10.11175 -1.46332 0.50516
-19.64991 -0.20571 5.39737 0 -6.97040 4.31371 0.27450
-0.39149 0.24523 0.29226 0 -21.64881 -5.28023 0.27218
-0.15357 -0.26792 0.47239 0 -24.98869 6.92649 0.46692
0.36071 0.00675 0.33754 0 -5.40837 1.49199 0.31753
-3.16841 -0.07023 1.20455 0 21.58351 0.77441 0.36267
-0.40007 -0.20354 0.28773 0 10.25040 4.19823 0.26717
14.44745 0.09675 6.88753 0 4.47887 -1.73297 0.47356
20.28950 0.08978 18.55148 0 9.61614 -2.04735 0.91328
-1.60558 0.03702 1.19320 0 -2.24732 -0.21843 0.63086
-0.43229 -0.10517 0.46845 0 27.11780 2.03607 0.43000
7.61401 0.14800 6.44918 0 -29.29329 -4.99169 0.83986
-3.83298 -0.05192 1.31316 0 11.41276 0.09545 0.33161
-6.48812 -0.21293 4.01538 0 -29.99928 5.58603 0.61174
25.80249 -0.14690 12.42533 0 -2.05314 3.40161 0.48130
0.45769 0.01659 1.49410 0 28.93339 -0.04002 1.35857
0.78749 -0.06935 1.25234 0 -12.45809 1.63971 0.98391
-0.63895 0.00943 0.36638 0 11.44953 -1.86398 0.30878
1.00883 0.27081 0.65218 0 24.82304 -6.82866 0.45919
9.08479 -0.07340 3.96200 0 25.42683 1.09995 0.43361
-0.43385 0.23326 0.55639 0 -13.77522 -5.84813 0.51044
0.06446 -0.11580 0.64498 0 23.00387 2.74954 0.64365
-1.24202 0.13216 0.48917 0 25.42381 -2.19399 0.30690
2.01847 0.05233 0.75304 0 26.91416 -3.03551 0.33444
17.60192 0.00482 4.42524 0 -3.51864 -2.10921 0.25120
15.47919 0.17704 6.00713 0 -8.06341 -6.63724 0.38740
-0.72733 -0.05569 0.31265 0 -2.42018 -0.27247 0.25292
-6.95951 -0.29309 2.04647 0 -23.92477 6.94910 0.29123
-26.74758 0.30956 7.72450 0 10.71902 -7.24216 0.28876
9.48340 0.19445 4.32968 0 2.69407 -6.96203 0.45414
-0.47008 -0.13007 0.59365 0 25.31671 4.96830 0.53726
20.07307 0.05283 22.70096 0 25.57073 -1.95895 1.12956
-5.89916 0.20784 2.03454 0 5.24642 -7.79452 0.34016
-3.15572 0.21961 0.88305 0 -27.98786 -4.50033 0.26686
-1.56243 0.14724 0.53659 0 29.13278 -2.55119 0.29173
18.92595 0.01623 5.25287 0 29.75726 0.95105 0.37710
0.23968 -0.04880 0.60441 0 -23.42178 2.42111 0.58777
-0.63062 -0.13683 0.63933 0 -27.71980 3.20139 0.52958
