2.60827 -0.09606 1.99052 0 -11.96500 -27.51070 0.71263
12.86812 -0.18709 2.68079 0 27.42729 12.15498 0.20794
-1.42058 -0.17586 0.85904 0 -28.23180 10.14718 0.49454
0.53378 -0.03640 0.47054 0 -29.26514 -6.59935 0.41514
12.46134 0.02000 10.32131 0 -14.90526 26.03523 0.82567
26.80698 -0.08954 23.04469 0 -20.12050 -22.25231 0.85911
-2.60885 -0.11639 2.28362 0 12.27861 27.37217 0.81745
0.56679 -0.00204 0.64494 0 -29.99998 0.03561 0.56112
-13.31033 -0.19711 9.02450 0 -25.70499 15.46782 0.67617
8.47356 0.10567 6.14406 0 -12.62563 27.21385 0.72016
-1.84903 0.19086 0.73170 0 -25.54708 -15.72726 0.34818
-3.06233 -0.10933 3.15514 0 29.59562 4.90913 0.97946
-9.41474 -0.25899 5.44017 0 -29.05990 -7.45131 0.57469
0.68841 0.14088 0.27752 0 -2.90981 29.85855 0.22864
0.47937 -0.02245 0.64471 0 -20.66395 -21.74859 0.58138
-3.88358 -0.23618 0.62945 0 -19.97878 22.37964 0.15708
-12.23698 -0.01032 3.91074 0 -13.89003 -26.59073 0.31867
17.40670 0.24562 4.35060 0 9.31194 28.51820 0.24972
3.27659 0.18594 3.07673 0 7.64544 -29.00943 0.89824
-8.27548 -0.17480 2.43167 0 -26.16944 14.66834 0.29188
-3.62464 -0.00921 0.71881 0 4.84574 -29.60606 0.19132
22.54206 -0.05124 6.76454 0 -15.59407 -25.62860 0.29995
-4.00881 -0.19838 1.33255 0 -23.80982 18.25083 0.32261
6.62997 0.25835 1.77300 0 -11.87322 27.55044 0.26461
-0.09804 0.03069 0.43839 0 -13.78911 -26.64320 0.43630
6.45571 0.01348 4.17344 0 -29.92514 -2.11798 0.63893
-0.37903 0.13221 0.55845 0 19.72571 -22.60302 0.52221
-0.02654 0.21459 0.47965 0 -28.95667 7.84292 0.47948
0.70678 -0.06033 0.50006 0 -23.41808 18.75082 0.40839
-5.17803 -0.10745 4.82055 0 -29.37062 -6.11281 0.91412
-1.78661 0.14313 1.17798 0 -15.01125 25.97427 0.57544
6.27793 0.00274 2.52199 0 29.68600 -4.32917 0.39684
-3.20573 -0.08461 1.57949 0 28.52146 -9.30194 0.47047
-1.62405 0.12188 1.11147 0 -29.39606 -5.98929 0.58282
4.16524 -0.21624 1.61246 0 3.09970 -29.83943 0.37656
4.71567 -0.09457 1.69654 0 28.99011 -7.71837 0.35205
-1.60685 0.25403 0.98011 0 -26.92981 13.22065 0.51792
-0.92002 0.25205 0.91265 0 5.81491 -29.43105 0.67167
14.85046 0.26231 6.88553 0 10.14774 -28.23160 0.46272
-1.94408 -0.16394 0.93856 0 23.19794 -19.02250 0.42940
-0.29016 0.06437 0.33771 0 10.22741 28.20284 0.32434
4.18713 0.10196 3.45780 0 11.57036 27.67899 0.80330
0.32056 -0.23769 0.47232 0 -21.97142 20.42687 0.44978
19.43452 -0.25187 10.76263 0 4.76078 29.61984 0.55315
0.34331 -0.20960 0.33710 0 -14.12926 -26.46439 0.31885
23.62857 -0.13422 12.02973 0 -12.01372 -27.48946 0.50876
-0.38995 0.11633 0.61287 0 -24.05571 17.92548 0.57101
9.50865 -0.13730 4.51132 0 25.72663 -15.43180 0.47194
-4.75622 -0.01392 1.07622 0 26.94799 13.18353 0.22156
18.03705 0.15038 12.53550 0 -29.96535 -1.44138 0.69399
-2.45898 -0.25157 2.02162 0 3.03059 29.84653 0.76163
1.22470 -0.06162 0.90702 0 29.03902 -7.53230 0.57372
-1.26677 -0.21455 0.49813 0 -5.71307 -29.45099 0.30874
0.90106 -0.17560 1.48050 0 -29.99106 -0.73250 1.09989
-1.17887 -0.11725 0.39553 0 14.49871 -26.26380 0.25598
1.54545 -0.02880 0.40268 0 -0.57679 29.99446 0.21891
6.10503 0.05421 5.71603 0 -14.26178 26.39321 0.92402
-0.30375 0.00535 0.19799 0 19.05313 23.17279 0.18946
3.65050 0.08462 1.13321 0 2.60678 -29.88653 0.29952
2.29166 0.21788 1.10820 0 -23.28350 -18.91767 0.44331
15.40103 0.01156 9.39801 0 25.98398 14.99442 0.60902
-1.84069 -0.05039 1.77329 0 0.98615 29.98379 0.84657
-4.91115 0.00963 1.47217 0 -14.18062 -26.43691 0.29388
2.66228 0.04326 2.87386 0 -29.51328 -5.38203 1.01060
-10.27697 0.15975 3.53623 0 -24.97356 16.62292 0.34262
-6.97612 0.11230 4.61488 0 21.26231 21.16398 0.65491
-0.89591 0.09688 0.30532 0 29.91492 2.25774 0.22748
26.98157 0.13490 8.31775 0 29.77260 3.68677 0.30822
-0.37792 -0.01772 0.77464 0 23.34357 18.84351 0.72463
0.94754 -0.10998 0.99928 0 -13.26509 -26.90794 0.72540
1.87692 -0.24573 1.27861 0 -11.85212 -27.55952 0.60127
0.03219 -0.12326 0.78067 0 2.34568 29.90816 0.78026
-1.99262 0.02937 2.45884 0 24.89027 -16.74737 1.10291
-20.05234 0.03794 5.37458 0 27.66407 11.60600 0.26788
-0.02073 0.15806 0.26834 0 -21.57230 20.84793 0.26828
-1.34797 0.18695 0.81975 0 17.66131 -24.25032 0.48847
-1.24005 -0.24205 1.27716 0 -21.31833 21.10755 0.80176
-1.48457 0.19024 1.57719 0 20.01224 -22.34972 0.88117
11.98917 0.14844 4.65289 0 -28.92042 -7.97555 0.38687
-0.39219 0.24332 0.64602 0 4.93484 -29.59134 0.60143
2.25013 -0.09513 1.18768 0 20.47512 21.92646 0.48256
-1.59017 -0.08121 0.45819 0 -29.99623 -0.47530 0.24406
0.60047 -0.19297 0.34755 0 -1.27320 29.97297 0.29801
14.70145 0.02672 13.84695 0 -2.57952 29.88890 0.93976
6.39402 -0.03051 3.04163 0 29.96577 -1.43269 0.47009
-16.76288 0.14902 7.10417 0 -29.99124 0.72510 0.42317
-1.48782 -0.18962 0.75682 0 -22.95504 19.31492 0.42225
-0.61900 0.18332 0.44382 0 28.53665 -9.25524 0.37741
0.99059 -0.20402 0.91214 0 -17.47735 24.38324 0.64805
0.44943 0.13314 0.62121 0 13.81684 -26.62884 0.56663
-9.03557 0.03619 7.88841 0 16.26184 25.21017 0.86780
-2.62458 0.09595 0.41150 0 -27.35407 -12.31888 0.17417
4.95480 0.10072 1.18184 0 25.56458 -15.69879 0.29885
0.72728 0.19833 1.29268 0 -25.23533 16.22276 1.04545
-6.55842 0.03610 1.91857 0 -18.69653 23.46145 0.28936
-0.84011 -0.13012 0.96542 0 27.01612 13.04336 0.73921
-0.78195 0.12061 0.55720 0 -24.85446 16.80048 0.43900
-4.91916 -0.08718 3.07890 0 29.41090 -5.91601 0.61340
0.14249 0.16162 0.47677 0 -22.40572 -19.94953 0.47201
-0.98352 0.10763 1.20104 0 -6.18781 -29.35491 0.85632
4.91127 -0.07223 1.17026 0 25.47046 -15.85105 0.23374
5.15772 -0.10088 2.19001 0 -12.02642 27.48391 0.41691
11.69098 -0.02455 5.39050 0 22.48343 -19.86191 0.45951
1.74768 -0.16381 0.46331 0 -7.52864 29.03996 0.23024
-3.52645 -0.23107 2.98680 0 15.92059 25.42705 0.81491
-1.68064 0.26038 0.49006 0 17.97226 -24.02078 0.25069
-1.77191 -0.00195 0.78519 0 -21.27695 21.14927 0.38601
-2.08799 0.14980 0.85813 0 -11.47731 -27.71771 0.37077
3.47507 0.20056 0.65475 0 -28.36629 9.76490 0.19134
7.15251 0.25609 1.70316 0 -12.01085 -27.49072 0.24899
-25.86324 -0.04360 2.96228 0 27.55469 11.86336 0.22766
6.33701 0.00187 6.59807 0 -3.88830 29.74695 1.02852
15.28061 -0.00306 12.37272 0 19.12983 23.10952 0.80803
25.62692 0.04486 19.01549 0 -22.13643 20.24792 0.74151
-11.34560 0.08522 5.29690 0 -5.91419 -29.41126 0.46517
-19.15415 -0.12565 4.59532 0 29.61052 -4.81843 0.23979
16.83073 0.12876 6.74805 0 29.93371 -1.99331 0.40035
-18.88664 -0.23045 9.95775 0 -1.78580 29.94680 0.52659
0.90059 0.09673 0.34316 0 -23.80129 18.26194 0.25509
4.80684 0.26053 2.83806 0 28.30513 9.94080 0.57826
-0.81522 0.15815 0.45921 0 -18.22579 23.82899 0.35598
-14.86699 -0.19896 5.67434 0 -24.96189 -16.64043 0.38094
-0.63072 -0.16001 0.71957 0 29.92609 2.10450 0.60865
2.69808 0.09449 1.33911 0 -14.53188 -26.24547 0.46546
-4.41137 -0.05105 5.63410 0 -29.25995 6.62234 1.24562
-8.41475 0.00958 7.06751 0 3.86874 -29.74950 0.83408
-1.23061 0.21648 0.73076 0 -22.96698 19.30073 0.46091
-10.48508 -0.03307 6.54367 0 0.19998 29.99933 0.62135
0.72931 -0.01399 0.40635 0 -13.79544 -26.63993 0.32836
-2.23141 0.11705 0.68127 0 3.17499 -29.83152 0.27877
5.31019 -0.01773 2.36121 0 6.72671 29.23613 0.43702
0.31237 -0.05977 0.59371 0 17.82631 -24.12930 0.56671
1.00864 0.25827 0.37125 0 8.70294 28.70991 0.26148
-2.31476 -0.00330 1.23855 0 22.91633 -19.36083 0.49127
0.72224 -0.09655 0.25817 0 -29.83954 3.09870 0.20937
1.61871 0.16651 0.99522 0 2.25650 -29.91502 0.52311
5.60042 -0.00201 4.78692 0 21.90807 20.49479 0.84151
-20.89810 -0.05643 11.58919 0 7.19287 29.12495 0.55401
4.29419 -0.15101 2.66536 0 -29.97556 -1.21074 0.60457
9.35730 0.05685 3.38550 0 12.37621 27.32818 0.35989
-25.50414 0.05965 11.42684 0 -24.30382 -17.58761 0.44780
-13.83579 0.18897 9.72836 0 23.95282 -18.06274 0.70137
4.69998 0.15645 0.92367 0 9.68763 -28.39278 0.19234
7.69443 0.05732 4.33193 0 20.94864 -21.47451 0.55839
-10.56339 0.05789 8.31089 0 -8.52861 -28.76218 0.78332
0.67662 0.14001 0.65940 0 -13.31600 26.88279 0.54616
-8.25044 -0.01238 1.69927 0 -28.03644 -10.67512 0.20470
1.76662 0.14238 0.74981 0 21.06322 -21.36214 0.36944
17.27590 0.23627 5.06615 0 -8.85044 28.66478 0.29293
-21.39304 0.20695 6.31605 0 -24.30401 17.58735 0.29508
-0.38026 -0.08757 0.71141 0 20.02443 -22.33880 0.66497
0.02316 0.25547 0.28141 0 -28.23408 -10.14083 0.28133
-0.06801 0.02587 0.27730 0 25.84919 15.22562 0.27476
0.77461 -0.02260 1.05047 0 3.11647 29.83769 0.83049
5.61998 -0.20267 3.06847 0 -6.69773 -29.24278 0.53763
-0.31788 0.18710 0.48801 0 -28.29018 9.98328 0.46509
13.36489 0.20531 12.35137 0 20.34854 22.04398 0.92164
0.99271 0.06235 0.82551 0 24.93508 -16.68058 0.58590
-12.28319 0.14637 5.61384 0 -15.64573 -25.59710 0.45563
-3.91362 -0.05558 1.88530 0 -26.70111 -13.67664 0.46679
3.05107 0.01143 1.15473 0 20.82018 21.59908 0.35978
12.57811 -0.04525 5.02099 0 -9.90965 -28.31605 0.39805
-0.96679 0.18689 0.63345 0 28.99166 -7.71256 0.45546
0.41655 -0.25023 0.42030 0 -11.57989 -27.67501 0.38800
4.43617 -0.04521 3.13904 0 -5.22898 -29.54078 0.69034
-25.09590 0.12551 8.40199 0 -21.47149 20.95173 0.34277
-21.58257 -0.23982 11.12867 0 20.49263 -21.91009 0.51517
0.92663 0.17644 0.32640 0 -1.13296 29.97860 0.23951
1.45974 0.22086 1.39676 0 20.20894 -22.17203 0.78945
-0.22325 -0.16071 0.65760 0 -4.59798 29.64555 0.64181
2.66173 -0.03572 1.07957 0 -16.27838 -25.19949 0.37979
9.05880 -0.22994 8.55456 0 25.47686 15.84075 0.93869
-21.53848 -0.14017 21.60145 0 -2.99134 -29.85049 1.00190
0.14932 -0.23250 0.61714 0 -13.83781 -26.61795 0.61037
-14.82329 0.25830 11.02640 0 -24.08408 -17.88734 0.69606
6.43563 -0.05085 2.53535 0 -0.51451 29.99559 0.38941
-6.06235 -0.08359 4.97200 0 29.39465 -5.99622 0.80927
1.89355 -0.02379 0.46338 0 11.71627 -27.61755 0.21654
-0.42404 0.09292 0.64621 0 -27.64220 -11.65798 0.59494
-23.21524 -0.24582 5.83461 0 9.11064 -28.58315 0.25129
4.94348 -0.08122 2.04700 0 -25.80214 -15.30521 0.40598
-20.17174 -0.13701 16.19551 0 29.05442 7.47268 0.80196
2.60190 0.21682 0.41409 0 27.24817 -12.55138 0.14870
1.58348 -0.07193 0.39878 0 -4.87936 29.60054 0.21311
0.23544 0.14704 0.26527 0 -28.49736 9.37551 0.25822
15.85558 0.11670 6.87531 0 -4.16876 -29.70895 0.43287
0.42260 0.04331 0.26565 0 -28.64390 8.91780 0.24472
-6.42058 0.21080 6.05972 0 1.14715 -29.97806 0.93261
-1.53101 -0.10037 0.60176 0 18.21165 -23.83979 0.32916
-1.37035 -0.20354 0.72059 0 23.84192 -18.20887 0.42482
-2.41378 -0.20272 1.80037 0 -27.58629 11.78968 0.68917
-1.32420 -0.07933 1.16080 0 -1.19910 -29.97603 0.69959
-0.26560 -0.16028 0.59044 0 -6.41186 29.30679 0.57066
-0.83773 -0.21505 0.45822 0 29.99510 0.54230 0.35131
-6.45553 -0.09346 3.50722 0 5.93646 29.40678 0.53698
-24.83161 0.16707 14.27353 0 14.48100 -26.27358 0.57443
-3.12123 0.10593 2.64030 0 6.93600 29.18719 0.80566
-1.56140 0.07063 0.42681 0 -19.75714 22.57555 0.23031
-0.57707 -0.07161 0.37998 0 -9.92131 28.31197 0.32915
-1.93126 -0.12909 0.99337 0 -8.94116 28.63662 0.45682
-5.05663 0.21928 1.13869 0 -29.07317 7.39936 0.22103
-7.81219 0.03145 1.66712 0 22.03142 -20.36214 0.27568
0.92965 -0.17727 0.70659 0 -29.52430 5.32127 0.51756
-0.45393 0.15877 0.40187 0 -15.64302 -25.59875 0.36596
-0.70694 0.01107 0.58001 0 -29.99577 -0.50406 0.47365
5.16798 0.04948 1.31570 0 11.53671 -27.69304 0.25008
8.36287 -0.14375 4.74574 0 -17.98208 24.01343 0.56355
-11.83728 0.22506 2.93427 0 -3.90902 -29.74424 0.24720
-18.17691 0.06924 11.07536 0 24.12689 17.82956 0.60847
-5.00627 0.16849 4.87852 0 23.77178 18.30034 0.95569
24.87516 -0.09342 6.99896 0 9.43214 28.47867 0.28131
22.92488 -0.11047 7.43369 0 18.65035 -23.49818 0.32410
-20.39195 0.20432 14.36569 0 12.89527 -27.08712 0.70370
-9.75551 0.01177 7.03998 0 8.14202 -28.87399 0.71795
-6.64294 -0.25922 2.49395 0 -21.33556 21.09014 0.37137
-12.84706 0.13011 5.74482 0 25.89491 15.14772 0.44593
11.57957 -0.02359 8.61047 0 -28.66216 -8.85892 0.74090
2.31103 0.16444 0.64819 0 -19.75090 22.58101 0.25758
0.40995 -0.25765 0.76864 0 28.56411 -9.17015 0.71120
21.01148 0.06966 4.67980 0 -9.21284 28.55037 0.22269
3.84424 0.21048 2.83379 0 17.02221 24.70312 0.71348
-22.45549 0.23417 18.40079 0 11.51331 27.70278 0.81868
-14.61782 -0.25801 5.41793 0 5.38080 -29.51350 0.36991
4.81020 0.00607 1.80358 0 -26.29389 14.44409 0.36725
1.68240 0.14321 1.30835 0 23.08911 19.15445 0.66857
-25.89347 0.05064 20.59476 0 18.44411 -23.66040 0.79484
-12.07458 0.04996 7.22921 0 -20.45557 21.94469 0.59675
-21.00858 -0.16295 6.04368 0 -9.36381 -28.50121 0.28752
5.05031 -0.14476 1.64514 0 -19.87604 22.47094 0.31965
-7.12717 0.01552 2.04092 0 11.21490 27.82492 0.28375
-0.50877 0.02112 0.74679 0 9.78595 28.35904 0.66561
-6.49505 -0.02427 2.53391 0 -28.16571 10.32922 0.38571
25.02410 -0.13285 10.55807 0 16.67798 24.93682 0.42169
13.58761 0.16257 6.12246 0 -20.17759 -22.20056 0.44948
8.79303 0.04485 6.45637 0 25.55938 15.70726 0.72962
-16.08834 -0.04550 7.33688 0 29.38591 -6.03890 0.45527
-0.52384 0.10090 0.33114 0 26.63513 13.80471 0.29337
6.32712 0.15264 3.93716 0 28.96764 -7.80228 0.61471
2.79558 0.05766 1.97700 0 27.30774 12.42124 0.66591
1.90649 0.10585 0.96554 0 3.07947 -29.84153 0.44858
-1.84789 -0.16799 0.88635 0 17.72363 -24.20482 0.42195
2.39797 0.20542 0.93742 0 29.17143 -7.00197 0.36093
3.87056 0.12955 1.63191 0 -28.18764 -10.26922 0.40836
24.10932 -0.09861 21.62815 0 11.38264 27.75672 0.89637
-0.16608 -0.00815 0.68228 0 -1.58332 -29.95819 0.67306
-13.53681 0.06130 3.05388 0 8.29948 28.82913 0.22520
8.34087 0.05532 2.47547 0 -20.16200 -22.21472 0.36337
-21.14658 -0.11831 17.70480 0 -3.66308 29.77552 0.83637
-12.93832 0.19388 4.71486 0 28.06099 -10.61041 0.36346
-2.28465 -0.09277 1.60407 0 -22.43938 19.91166 0.64325
-2.86015 -0.01756 1.36787 0 27.51324 11.95917 0.45153
-7.20442 0.16222 6.81318 0 -0.29730 29.99853 0.93677
-5.33063 -0.18240 2.19920 0 28.20905 -10.21026 0.40554
2.33478 0.00864 1.14724 0 9.80878 28.35115 0.45175
-1.58956 0.16813 0.52689 0 -2.58004 -29.88885 0.28068
-4.38093 -0.08578 2.25593 0 9.99581 -28.28575 0.50217
8.61117 0.10958 3.62629 0 -21.14324 -21.28294 0.41842
-25.49048 -0.16569 10.82817 0 -14.65914 26.17460 0.42458
9.44182 -0.24218 4.60919 0 8.76614 -28.69068 0.48555
-4.01746 -0.13287 1.63586 0 -7.78763 28.97159 0.39527
4.39871 -0.00690 2.63951 0 25.68176 -15.50636 0.58519
14.24824 -0.14706 4.84235 0 18.30478 23.76836 0.33916
-4.03313 -0.01229 4.66001 0 -27.10876 12.84972 1.12155
-26.48474 -0.17818 17.72266 0 9.23929 -28.54182 0.66876
-1.19490 -0.18041 0.46000 0 -13.45199 26.81499 0.29529
3.37126 -0.02791 0.50647 0 -20.92724 21.49537 0.23279
16.60417 -0.23193 7.93832 0 -11.45484 27.72700 0.47733
-0.43834 -0.03050 0.86560 0 29.98095 1.06906 0.79279
-0.71229 -0.16016 0.93080 0 20.07823 22.29046 0.75817
1.13681 -0.17349 0.43213 0 -4.82778 29.60899 0.28550
-2.38343 -0.05509 1.45333 0 -29.09022 -7.33206 0.56233
-12.33106 0.20721 11.05292 0 23.83766 18.21445 0.89347
-17.71403 0.16955 8.10402 0 -26.14335 -14.71480 0.45687
6.17762 0.07992 5.90448 0 -3.51884 -29.79292 0.94355
4.48122 0.16598 4.78753 0 -12.58710 27.23169 1.04278
3.49867 0.01984 0.88954 0 29.95764 1.59377 0.24463
-0.97663 -0.26222 0.34313 0 -29.99980 -0.11040 0.24555
2.89906 0.19734 1.03445 0 21.98546 -20.41175 0.33742
15.74091 0.02079 9.42061 0 22.58175 19.75005 0.59736
2.26625 -0.02800 0.93804 0 -15.79214 25.50702 0.37878
-5.15099 0.23548 0.65955 0 21.71307 20.70127 0.12579
-7.72194 -0.12393 3.72302 0 -18.61547 23.52582 0.47824
-0.45027 0.04016 0.42494 0 -10.95406 27.92863 0.38749
-4.25582 -0.07403 2.08276 0 -2.90031 29.85947 0.47647
-1.89359 0.23914 0.72677 0 29.90984 -2.32416 0.33951
15.94228 -0.13339 4.36091 0 6.16761 29.35917 0.27318
-13.91144 0.12577 4.92581 0 13.40024 26.84089 0.35331
-4.78578 -0.06382 1.54043 0 29.02766 -7.57595 0.31525
20.40978 -0.02655 3.91260 0 -25.00046 -16.58243 0.28077
21.67799 -0.09088 5.41821 0 -11.62116 -27.65771 0.30571
-0.02419 -0.01243 0.25989 0 22.52890 -19.81031 0.25981
-5.39965 0.19207 5.68244 0 -26.20435 -14.60589 1.03493
1.58098 -0.10984 0.48297 0 13.40916 26.83644 0.25833
-22.11699 -0.00037 5.53413 0 -21.71661 -20.69756 0.25016
-0.74457 0.00051 0.23056 0 -23.35410 18.83045 0.18499
-3.64782 -0.18287 3.00476 0 -27.22024 -12.61184 0.79451
-8.38719 0.21930 7.15671 0 -11.73477 27.60969 0.84735
-15.27105 -0.00790 15.93785 0 -27.12608 -12.81311 1.17269
6.51525 -0.23034 3.61335 0 29.99593 0.49444 0.54827
-8.36565 0.14515 5.34919 0 -22.62958 -19.69524 0.63498
-0.00111 -0.08657 0.41553 0 11.12877 -27.85948 0.41553
16.68835 -0.09152 6.41688 0 -29.54480 -5.20623 0.38395
-0.23802 -0.20669 0.29643 0 12.41249 27.31172 0.28838
-17.60839 0.18730 2.73482 0 -28.63011 -8.96195 0.20439
-0.81331 -0.22032 0.54588 0 23.23135 -18.98168 0.42355
10.24763 0.18434 5.40215 0 29.16647 -7.02260 0.52476
-10.00983 -0.07157 2.81904 0 20.29987 -22.08881 0.28040
1.01614 -0.07875 0.47329 0 -23.41666 18.75260 0.33204
14.99273 0.16013 3.30104 0 14.32590 26.35846 0.21991
3.45692 -0.11850 0.83879 0 -19.31475 -22.95518 0.23325
14.65559 0.15445 3.36712 0 -17.96184 -24.02857 0.32376
-1.26268 -0.25290 0.29950 0 -29.87910 -2.69059 0.18607
-1.93517 -0.06065 0.80782 0 5.26752 -29.53393 0.37094
-9.00361 -0.02288 4.45795 0 29.80998 -3.37122 0.49220
5.96365 -0.16188 1.20615 0 6.12605 29.36786 0.19963
23.98803 -0.07713 13.93840 0 27.19799 -12.65976 0.58064
0.74439 0.22723 0.99564 0 21.56146 20.85913 0.79868
21.96052 0.09740 4.93263 0 17.45069 24.40232 0.22460
-1.33089 0.06067 0.61427 0 -29.43795 -5.77988 0.36907
-24.86523 0.07220 7.52255 0 -15.48043 25.69740 0.30245
-2.76505 -0.12209 1.98920 0 -24.11202 -17.84966 0.67656
-0.11584 -0.11440 1.11315 0 -2.76765 29.87206 1.10576
-2.93767 -0.01459 0.74884 0 6.85446 29.20644 0.24149
5.74111 0.10812 2.75019 0 -2.32212 29.90999 0.47200
0.78070 0.16282 0.59856 0 1.93275 29.93768 0.47185
1.63098 -0.05830 1.10852 0 -29.37757 -6.07932 0.57948
-20.22889 0.17639 5.73113 0 -0.22069 29.99919 0.28314
-20.43727 -0.26334 13.29394 0 24.41757 -17.42935 0.64977
-23.88377 -0.07948 6.68720 0 3.37442 29.80962 0.27992
0.59962 0.02524 0.68984 0 13.93697 -26.56616 0.59165
0.43132 -0.04158 0.45268 0 -26.03061 14.91332 0.41569
10.53609 0.01527 7.43542 0 16.67040 24.94189 0.70262
23.43144 0.20199 13.30020 0 -23.09941 19.14203 0.56719
-1.06366 -0.24465 0.93286 0 -13.94370 -26.56263 0.63901
23.16039 -0.20541 10.90193 0 -20.13838 -22.23613 0.47038
0.46036 -0.05924 1.15634 0 -28.80538 8.38154 1.05038
0.48469 0.05695 0.74278 0 23.73363 18.34979 0.66842
-18.04980 0.16810 7.85856 0 16.52131 25.04089 0.43483
-19.43239 0.11902 6.86831 0 -24.38708 -17.47198 0.35312
-3.36112 0.18338 1.40663 0 16.85971 -24.81431 0.40119
-22.35476 0.20284 16.90867 0 -18.05907 -23.95558 0.75569
-14.81719 0.08959 6.47532 0 29.87269 -2.76084 0.43613
-0.25698 -0.24055 0.38038 0 26.28621 -14.45805 0.36842
-0.66310 -0.06711 0.73525 0 22.03241 20.36106 0.61279
0.16240 -0.05929 0.59163 0 -28.78090 -8.46521 0.58398
-1.21022 -0.10364 0.88179 0 -19.34089 22.93316 0.56174
-2.72843 -0.19856 1.49778 0 -26.75505 -13.57083 0.51556
-11.92363 -0.02910 3.17825 0 -0.03526 29.99998 0.26580
4.04468 -0.08395 2.74417 0 -22.08608 -20.30283 0.65872
-27.02194 0.24021 18.57462 0 10.35999 28.15441 0.68699
-19.49688 0.23922 5.19891 0 28.21265 -10.20032 0.26649
-3.11425 0.23159 3.33167 0 -17.15630 24.61019 1.01869
-2.58012 -0.20318 0.90565 0 -9.03947 -28.60573 0.32739
-0.89426 0.13680 1.12797 0 -28.11496 10.46657 0.84084
-4.15115 0.00171 3.48013 0 29.78271 -3.60421 0.81514
15.77884 -0.07874 5.56915 0 -25.69420 -15.48573 0.35238
-0.71899 -0.15491 0.32946 0 -1.44714 -29.96508 0.26758
-2.16569 -0.02644 1.98708 0 -16.97916 -24.73274 0.83308
-3.31909 -0.01686 0.76543 0 1.14740 29.97805 0.22090
0.49690 -0.15775 0.74833 0 25.44277 15.89546 0.67017
2.03619 -0.23429 0.58336 0 -19.24331 -23.01511 0.25729
2.87254 0.00411 1.66312 0 14.66990 -26.16857 0.54688
-0.18230 -0.07827 0.53905 0 -27.04460 12.98421 0.53032
-0.30762 0.04736 0.85785 0 14.59020 -26.21309 0.81994
-18.66280 -0.13213 9.13819 0 20.39706 21.99909 0.48904
1.75423 0.21606 2.35749 0 24.42986 17.41212 1.16755
0.11363 0.04330 0.41138 0 -4.69170 -29.63086 0.40875
0.87555 0.10819 0.46645 0 -20.05140 22.31460 0.35100
0.61858 -0.26222 0.40123 0 -20.25438 -22.13053 0.34127
0.05937 -0.25401 0.48569 0 -29.65190 4.55686 0.48484
5.17272 0.18053 1.96090 0 29.10965 7.25453 0.37232
9.99092 -0.24964 3.66005 0 5.82126 29.42980 0.36465
19.57320 0.17516 11.25485 0 -24.02286 17.96948 0.57435
-0.52682 0.22179 0.36416 0 -28.47666 9.43820 0.32221
1.21430 0.01286 0.88814 0 17.08200 -24.66182 0.56464
1.10702 -0.06257 0.54020 0 3.16401 -29.83268 0.36219
-4.36338 -0.26196 2.04842 0 -7.26179 29.10784 0.45781
-22.95417 0.20874 8.15336 0 -29.65047 4.56611 0.37118
-0.09366 -0.19949 0.98923 0 -16.92274 24.77137 0.98492
-24.97050 -0.13675 10.17542 0 -20.87596 -21.54517 0.40729
6.48424 -0.25872 3.55153 0 -26.48403 14.09242 0.54141
8.87331 0.20643 4.50473 0 28.19172 -10.25802 0.50457
-4.39688 -0.20279 2.16984 0 1.97685 29.93480 0.48127
3.88655 -0.06482 1.34320 0 23.12225 19.11443 0.33478
-3.08445 0.00815 1.11557 0 -21.84175 20.56546 0.34417
0.45236 0.20324 0.59097 0 29.60910 4.82712 0.53846
0.47020 -0.13921 1.25403 0 20.80801 -21.61080 1.13485
4.16088 -0.08928 1.48333 0 0.05788 -29.99994 0.34678
-0.33627 -0.04714 0.56104 0 7.68843 -28.99807 0.53179
7.44670 -0.03067 1.64689 0 -13.69533 26.69153 0.21941
11.38970 0.11971 3.46503 0 -29.36547 -6.13750 0.30322
