-3.55888 0.09769 2.81144 0 -1.38200 29.96815 0.76064
-3.20071 0.18957 0.82907 0 29.87416 -2.74498 0.24732
0.91284 -0.21034 2.32129 0 26.16970 14.66789 1.71442
5.75154 0.04559 1.92717 0 -14.54298 26.23932 0.33032
-0.47141 -0.25538 0.38718 0 13.41603 -26.83301 0.35024
1.35501 0.06046 0.35102 0 11.99375 -27.49818 0.20859
8.92961 -0.07804 4.81831 0 -14.44594 -26.29286 0.53633
0.21698 -0.22148 0.52810 0 6.94048 29.18612 0.51609
14.03109 0.25835 3.94188 0 -18.63116 23.51340 0.28040
-5.88884 -0.24118 9.75858 0 -10.01764 28.27803 1.63380
-16.61586 -0.04721 8.65365 0 9.20887 28.55165 0.51996
-10.14879 -0.13513 5.33429 0 21.91399 20.48846 0.52317
-4.69808 0.24955 5.58651 0 -0.97358 29.98420 1.16308
-0.84303 -0.13122 0.81480 0 13.93042 -26.56960 0.62300
-0.91582 0.18619 0.68413 0 -18.38511 -23.70628 0.50455
-0.33308 -0.09222 0.71405 0 17.05519 -24.68036 0.67747
0.19651 -0.20041 0.71040 0 9.21842 -28.54857 0.69707
10.70106 -0.08949 6.20707 0 -19.03411 23.18842 0.57761
21.23002 -0.04897 17.53477 0 -26.42080 14.21061 0.82509
-1.54640 -0.05241 0.51655 0 18.73504 23.43071 0.28060
-1.41677 -0.12617 0.59491 0 -3.64062 29.77828 0.34316
0.54026 -0.16784 0.45366 0 -16.17865 -25.26364 0.39918
0.96358 -0.00981 0.53052 0 -25.26893 -16.17038 0.38208
1.33557 0.03802 0.46212 0 -21.75461 20.65762 0.27705
3.06288 0.12500 3.70270 0 -16.82322 24.83907 1.14925
-4.23537 0.19778 1.79893 0 28.50815 9.34268 0.43968
4.06111 -0.11416 2.59004 0 -29.73365 3.98875 0.61944
2.92913 -0.20474 4.40802 0 2.05555 29.92949 1.42421
-16.35138 0.21279 6.40147 0 1.69838 -29.95189 0.39089
-25.49762 0.17747 7.75372 0 22.01126 -20.38393 0.30402
-1.12117 0.11100 0.35654 0 29.74826 3.87827 0.23741
3.34994 0.04654 0.55016 0 12.94553 -27.06313 0.15747
-0.40283 -0.24092 0.50645 0 -2.56955 29.88976 0.46978
4.15319 -0.09176 2.60761 0 -26.68859 -13.70107 0.61049
-6.36798 0.10540 1.72003 0 25.27845 16.15549 0.26892
15.84959 -0.17377 15.00928 0 -1.48137 -29.96340 0.94515
19.24135 -0.18248 14.20906 0 -26.91159 13.25769 0.73754
2.67388 0.19659 0.60198 0 -29.99897 0.24812 0.21106
0.50539 0.14775 0.39172 0 18.61763 -23.52411 0.34963
9.85256 0.22164 2.17750 0 -24.30637 17.58410 0.22010
0.71045 0.09937 0.61959 0 22.43430 -19.91739 0.50513
0.59924 0.21608 0.43959 0 22.42316 19.92993 0.37711
-1.30123 0.14648 0.43041 0 -28.20058 -10.23362 0.26245
-14.68486 0.13611 16.71214 0 23.91229 -18.11636 1.13547
-13.41949 0.20940 7.35352 0 29.94308 1.84706 0.54655
1.48137 -0.03299 1.88928 0 14.55291 26.23381 1.05708
15.15011 -0.25043 9.92409 0 -23.42553 -18.74152 0.65370
0.59954 0.08443 1.75427 0 13.92203 26.57399 1.50458
8.57234 -0.21531 4.42373 0 -13.20074 -26.93957 0.51266
-4.42285 0.00043 2.93238 0 -28.01679 -10.72657 0.64532
0.05338 0.00561 0.57099 0 13.98743 -26.53963 0.57018
0.78978 -0.20498 1.08075 0 25.59374 15.65121 0.84816
-0.69916 -0.04368 1.52010 0 -13.29479 -26.89328 1.24582
0.26499 0.06089 0.68961 0 -28.60834 -9.03122 0.66661
0.56555 -0.15769 0.52688 0 28.93280 -7.93051 0.45864
-4.68220 -0.19421 1.72043 0 28.07147 10.58265 0.35946
-19.60855 0.12605 13.82888 0 6.37932 -29.31389 0.70440
-25.90932 -0.21079 10.75550 0 -11.69314 27.62735 0.41493
4.96142 -0.03523 3.72044 0 9.59429 -28.42445 0.73519
0.20735 0.10115 0.23722 0 -25.84408 -15.23428 0.23229
0.17251 0.23835 1.10882 0 -25.31905 16.09179 1.09268
-8.90774 -0.16403 3.70438 0 -22.62791 -19.69715 0.41338
-0.27678 0.06976 0.37314 0 26.92104 13.23849 0.35963
4.44879 0.21605 1.77161 0 -18.88482 23.31016 0.38870
-1.11169 0.23698 0.31644 0 23.71980 18.36766 0.21175
-11.95481 -0.07303 3.09691 0 29.57685 5.02095 0.25834
-3.83666 -0.23049 1.59185 0 -27.63170 11.68286 0.44287
-11.75678 -0.20193 3.33761 0 11.61426 27.66060 0.37019
-4.72544 0.12180 3.65940 0 21.25760 21.16871 0.75768
14.17667 0.20345 12.86408 0 -29.99163 -0.70857 0.90522
5.88712 0.21206 3.08499 0 -4.93013 -29.59212 0.51674
11.44221 -0.09353 4.37435 0 13.98382 26.54153 0.38097
-2.28301 0.00730 4.16504 0 28.20584 10.21912 1.67111
2.72767 -0.05015 1.63150 0 -26.82511 -13.43182 0.56167
-0.51621 0.25243 0.31932 0 29.98002 1.09459 0.28378
-17.91885 -0.18913 8.26522 0 24.58302 17.19520 0.46065
-2.95320 -0.00181 2.02827 0 3.35210 29.81214 0.65055
-1.81677 0.10220 1.98190 0 26.84925 13.38348 0.95573
-0.23671 0.03767 0.92694 0 11.64245 27.64875 0.90202
-6.47822 -0.02268 1.86625 0 29.95243 1.68884 0.28488
-25.65459 0.08947 8.41540 0 29.34881 6.21669 0.41009
0.24793 -0.03575 0.85665 0 -26.71920 -13.64128 0.83148
23.71744 -0.21835 7.58555 0 -29.98155 -1.05208 0.31970
0.21245 -0.18980 0.37104 0 29.93916 -1.90970 0.36294
0.06085 -0.21879 0.52272 0 29.92012 2.18776 0.52176
-12.33658 0.25280 3.76000 0 -15.01996 -25.96923 0.30395
-1.45151 0.16839 0.72163 0 4.84895 -29.60553 0.40948
0.46098 0.15314 0.44270 0 -29.82068 3.27517 0.40206
-0.27634 0.06428 0.32429 0 -12.48499 27.27866 0.31259
-6.87411 -0.21510 4.42128 0 19.40213 22.88137 0.63655
-2.08125 -0.07986 0.80238 0 25.11678 16.40571 0.34761
15.64180 -0.07461 6.00300 0 -25.06111 -16.49062 0.38312
9.01500 -0.19204 3.82183 0 9.94470 28.30376 0.42147
9.69500 0.02953 5.45884 0 -25.81711 15.27995 0.56017
-1.27580 -0.12472 0.62501 0 -24.30208 -17.59002 0.38564
0.95209 0.11183 0.43205 0 27.89855 -11.03045 0.31298
2.64631 -0.07804 0.85447 0 4.64399 -29.63838 0.30219
-6.46366 -0.16133 4.44871 0 28.88668 8.09690 0.68024
-1.57846 0.20251 0.39908 0 -17.05834 -24.67819 0.21371
0.31861 0.16910 0.73388 0 19.47739 22.81735 0.69926
4.40693 0.18916 2.02798 0 -17.88431 -24.08633 0.44890
15.69909 -0.03370 12.45366 0 29.55774 -5.13225 0.79173
0.52074 -0.08562 0.71341 0 28.37393 -9.74270 0.63278
-9.49120 -0.25388 4.43018 0 19.35320 22.92278 0.46430
-16.16309 0.11477 6.60844 0 2.43377 -29.90112 0.40820
-2.53956 0.24474 3.10182 0 28.91377 -7.99962 1.13654
3.19321 0.02569 1.64372 0 19.89116 -22.45756 0.49129
0.47253 0.24147 0.79041 0 -4.00972 29.73083 0.71465
-0.38652 0.04013 0.58008 0 -6.42962 -29.30290 0.54108
-4.95502 0.13267 3.56798 0 6.83417 29.21120 0.70595
0.10885 0.12770 0.85815 0 21.87688 20.52808 0.85311
0.38873 0.14409 1.18765 0 28.74276 -8.59383 1.10696
-20.47197 -0.21957 18.84025 0 -27.07844 -12.91348 0.91925
-26.70562 -0.12647 8.65049 0 27.50045 11.98854 0.32384
0.93856 0.09647 0.53023 0 -29.55947 5.12226 0.39301
-23.11258 -0.02977 7.81275 0 22.88493 -19.39793 0.33786
0.61117 -0.02490 0.50766 0 29.54786 5.18880 0.43128
-17.00222 -0.21392 12.46677 0 10.40715 28.13701 0.73205
-0.63563 0.24174 0.54697 0 5.20620 29.54480 0.46165
0.96727 0.19895 1.37982 0 -6.18763 -29.35495 0.99180
2.08284 0.21882 0.76330 0 -26.13146 14.73589 0.33046
-10.06034 -0.12878 2.88596 0 29.88113 2.66801 0.28563
-8.83799 0.25144 4.84938 0 28.68450 -8.78631 0.54531
15.48408 0.10280 10.54883 0 2.75138 -29.87357 0.67992
2.61293 0.11732 1.76673 0 28.21546 10.19254 0.63160
1.47393 0.14750 1.27348 0 -29.69651 4.25643 0.71503
-8.55227 -0.22087 2.72013 0 -7.71476 -28.99108 0.31606
-10.14807 -0.16749 7.84625 0 2.03206 29.93110 0.76951
-5.98615 -0.02049 0.81262 0 -10.09024 -28.25220 0.13401
-16.08574 0.20638 19.34646 0 23.05912 -19.19055 1.20043
-1.15316 0.24592 0.62412 0 -27.82730 11.20898 0.40897
-18.70696 -0.17708 15.02435 0 -11.10766 27.86790 0.80206
18.17713 -0.08935 21.43240 0 -13.55704 -26.76204 1.17735
0.66525 -0.14535 0.73242 0 -12.02879 -27.48287 0.60983
0.17304 0.24702 0.20827 0 -29.94611 -1.79734 0.20523
9.77993 -0.00390 2.44171 0 3.50009 29.79512 0.24856
-1.63841 0.19557 0.76516 0 25.89758 -15.14316 0.39874
2.85753 0.12164 1.37192 0 17.52872 24.34633 0.45322
0.81167 0.18918 0.97508 0 17.55177 24.32972 0.75711
-3.03764 0.20320 3.06008 0 26.21253 -14.59120 0.95691
21.88978 0.11000 12.87106 0 -27.64676 -11.64717 0.58746
1.34023 0.09421 0.70073 0 -12.44319 27.29775 0.41916
1.24505 0.24670 0.84956 0 26.45125 14.15385 0.53207
-1.72900 0.13658 0.41876 0 -29.30455 6.42209 0.20982
-2.29016 0.06358 1.29190 0 5.28740 -29.53038 0.51704
0.34710 0.20855 0.27954 0 -13.50424 -26.78872 0.26759
-25.05611 0.02144 24.07141 0 -29.37856 6.07455 0.95999
26.71087 -0.07633 16.55516 0 -18.14877 -23.88770 0.61944
-17.47787 0.05710 9.81791 0 -29.46091 5.66171 0.56090
-18.18679 0.14990 26.94053 0 -21.35058 21.07493 1.47913
0.95956 0.21073 0.74090 0 5.92676 29.40873 0.53464
25.01937 -0.00539 6.68441 0 15.44149 25.72082 0.26714
2.21131 -0.10521 0.52086 0 -15.78025 25.51438 0.21474
-22.21713 0.14062 13.63646 0 -1.71362 -29.95102 0.61324
-4.65959 0.02464 0.72991 0 -9.12105 28.57983 0.15330
5.71979 0.19566 1.08508 0 5.31340 -29.52571 0.18707
1.32444 0.01047 0.63070 0 27.86079 -11.12549 0.38011
-4.61422 -0.07486 2.73892 0 28.72779 8.64373 0.58017
-4.99705 -0.12210 1.78387 0 -10.15865 28.22768 0.35016
2.86622 -0.07419 2.38581 0 4.71413 29.62730 0.78597
1.18129 0.10138 0.53619 0 -18.88560 -23.30952 0.34651
-18.66231 0.08147 10.13815 0 -26.41997 -14.21215 0.54255
-20.18341 0.03382 9.02279 0 -8.76641 -28.69059 0.44660
3.16761 -0.03809 1.22262 0 11.72686 -27.61305 0.36819
-0.26903 0.15933 0.38387 0 29.81049 3.36673 0.37070
3.61116 -0.22408 0.60163 0 -22.96675 19.30100 0.16072
22.77135 -0.24523 11.09294 0 -0.38450 29.99754 0.48678
11.84494 -0.04804 2.07593 0 -11.40023 27.74950 0.27005
6.04781 0.05172 10.11667 0 -24.54828 17.24476 1.65044
-0.29100 0.06538 0.27821 0 -25.39416 -15.97300 0.26715
-3.23689 0.05161 0.81573 0 5.96003 -29.40201 0.24087
-1.92884 0.08243 0.68077 0 21.94326 20.45710 0.31347
-0.54422 -0.06935 0.79900 0 -12.14920 27.42986 0.70181
9.13832 -0.07017 6.21382 0 -8.98341 -28.62339 0.67601
-5.01292 -0.21973 1.86381 0 10.54923 28.08405 0.36469
0.99524 0.10150 1.44469 0 4.49150 -29.66187 1.02402
6.39162 0.09825 6.49452 0 -6.93254 -29.18801 1.00393
-26.30790 0.18256 12.86421 0 -28.14720 -10.37955 0.48873
-3.98246 0.13421 2.61530 0 29.72789 -4.03142 0.63697
-24.59042 0.00145 14.71479 0 -18.73719 -23.42899 0.59798
2.86732 0.22670 0.54471 0 0.11246 29.99979 0.17952
5.57751 0.17885 2.06970 0 -11.26762 -27.80361 0.36536
-23.89331 -0.06137 23.18414 0 10.73398 28.01396 0.96952
-8.44994 0.22594 3.24838 0 -21.63776 -20.77998 0.38189
-21.36967 0.23749 7.79546 0 27.89651 -11.03560 0.36453
-15.56354 0.17195 6.37058 0 3.12178 29.83713 0.40860
-5.45506 -0.25189 2.56219 0 28.70438 -8.72115 0.46206
-0.02041 -0.08288 0.28075 0 18.13443 23.89858 0.28069
8.75067 0.17423 5.09949 0 4.46505 29.66586 0.57907
-2.40469 -0.06121 0.90311 0 22.83992 -19.45091 0.34689
-19.91490 0.11256 18.83593 0 -24.30634 17.58413 0.94469
0.32080 -0.23391 0.86155 0 29.99934 0.19923 0.82038
-9.88182 -0.01394 5.04406 0 27.59833 -11.76147 0.50794
1.55074 0.01901 1.23093 0 27.75610 -11.38414 0.66714
-24.34693 0.03201 21.88544 0 -25.05357 -16.50208 0.89820
-4.98994 0.24465 0.69592 0 -25.75455 15.38516 0.13796
15.22496 0.25370 8.41536 0 29.77661 3.65425 0.53055
-17.41823 0.01158 4.25812 0 -29.34487 -6.23525 0.24426
-0.02384 -0.12841 0.64158 0 -28.90643 -8.02611 0.64140
-4.19677 -0.09895 0.84872 0 25.34103 -16.05716 0.19684
-9.16530 -0.00332 3.86383 0 28.08764 10.53965 0.41920
-1.07065 -0.19547 0.69387 0 27.94502 -10.91219 0.47368
3.36147 0.01673 1.80001 0 26.90413 -13.27282 0.51339
1.89000 -0.18431 0.85546 0 28.48590 -9.41028 0.40015
0.03920 -0.10365 0.45628 0 -1.60371 29.95710 0.45593
-1.75132 -0.04155 0.80028 0 -9.54805 28.44002 0.39697
10.20211 0.09117 2.14716 0 8.82463 28.67274 0.20969
-3.38160 -0.06997 1.22923 0 23.03727 -19.21677 0.34873
2.93056 0.16122 2.66238 0 -9.04666 28.60346 0.85984
4.39269 -0.00226 1.12967 0 -5.11892 29.56005 0.25094
3.19836 -0.22138 1.82685 0 20.72870 21.68688 0.54523
-11.19179 -0.11720 2.87551 0 -13.17513 26.95211 0.25610
-16.03690 0.19496 4.29945 0 -29.01257 7.63354 0.26776
0.46460 -0.26369 0.24188 0 -27.12065 12.82460 0.21940
-2.82480 -0.05104 1.22815 0 -3.61980 29.78082 0.40997
9.70610 -0.19949 6.31258 0 19.61702 22.69741 0.64702
-0.10696 -0.17964 0.52818 0 28.38255 -9.71757 0.52518
-5.82526 0.18882 3.86059 0 29.41633 -5.88892 0.65326
-1.19971 -0.13564 0.70894 0 29.38145 6.06057 0.45398
-24.35727 0.08280 32.66562 0 2.19188 -29.91982 1.34002
-22.15222 -0.19183 8.28730 0 29.49440 5.48458 0.37386
-8.22532 -0.25509 4.63371 0 20.35838 22.03489 0.55931
-10.43527 -0.03747 2.44551 0 26.44238 14.17040 0.23349
9.93887 0.08352 10.59445 0 12.29826 -27.36335 1.06065
11.31060 0.06150 18.30054 0 -9.56301 -28.43499 1.61174
-0.12751 0.07112 1.57208 0 22.55706 19.77825 1.55945
-0.48991 0.13221 1.85423 0 23.93916 -18.08084 1.66515
-3.36103 -0.09031 1.45878 0 17.63406 24.27014 0.41606
0.44274 -0.24435 0.23764 0 22.86582 -19.42046 0.21733
-0.24523 0.20049 1.32772 0 28.04284 10.65828 1.28952
-1.85168 -0.10363 1.36838 0 29.97615 1.19603 0.65028
-6.11438 -0.17127 1.86717 0 -13.01974 -27.02751 0.30153
1.59788 -0.09881 1.03325 0 17.61570 -24.28347 0.54821
16.37688 -0.14041 11.25386 0 -27.96426 -10.86279 0.68597
-3.52678 0.25392 0.78811 0 -1.60703 29.95693 0.21512
-3.36723 -0.04904 1.30270 0 -22.06321 20.32768 0.37096
0.38575 0.15088 0.39223 0 14.63559 26.18778 0.36597
3.33985 -0.14708 2.27387 0 -19.31046 -22.95879 0.65226
17.61756 -0.05749 9.66106 0 -29.99927 -0.20924 0.54758
-2.14011 -0.21228 1.19770 0 2.85947 29.86341 0.50707
0.74939 0.13096 1.93667 0 -11.46703 27.72196 1.54719
-0.42680 0.05664 0.35225 0 -11.75628 -27.60054 0.32400
1.59568 0.15816 0.69505 0 28.71940 -8.67158 0.36921
0.82159 -0.08629 0.95260 0 29.82309 3.25319 0.73607
16.08755 0.25526 7.81508 0 6.45249 29.29787 0.48495
-25.34270 -0.10061 14.24050 0 -5.86769 29.42057 0.56157
-5.39598 -0.17096 3.59847 0 10.04861 28.26704 0.65580
-5.33638 -0.20594 2.88594 0 -6.83900 29.21007 0.53159
18.65710 0.10817 4.10707 0 14.82254 26.08241 0.22004
-0.37369 0.16998 0.73430 0 -2.40965 -29.90307 0.68785
-3.91823 -0.24966 4.61151 0 -2.43957 -29.90064 1.14044
-0.00156 -0.22208 0.89764 0 -27.76687 11.35786 0.89763
-0.81254 -0.09795 1.31115 0 4.15085 29.71145 1.01760
-0.84180 0.13390 1.06219 0 -23.90047 -18.13194 0.81263
-2.54458 -0.07050 0.49183 0 -7.41759 -29.06853 0.18004
-17.14273 -0.11507 16.61110 0 -29.14977 -7.09161 0.96739
0.01744 -0.04151 0.27040 0 -13.48344 26.79920 0.27036
18.32010 -0.11544 21.39367 0 -9.48867 28.45989 1.16608
10.80248 -0.21021 5.36502 0 -15.80873 25.49675 0.49463
2.18976 0.10381 1.82803 0 21.92778 20.47371 0.75940
19.33414 0.19053 18.16310 0 19.92375 22.42865 0.93823
-3.34470 -0.06342 0.99634 0 4.03776 -29.72703 0.28550
1.80329 -0.01641 0.40356 0 -6.28528 29.33420 0.19587
0.19266 0.06796 0.74130 0 -1.38682 29.96793 0.72792
-5.91851 -0.03874 0.78765 0 28.97772 7.76476 0.13132
1.11920 0.24442 1.19092 0 28.35515 -9.79721 0.79352
1.43028 -0.18087 1.20164 0 10.26863 28.18786 0.68860
14.64399 -0.15620 9.21623 0 -14.68831 26.15824 0.62797
-6.83211 -0.24299 4.54338 0 0.97086 29.98429 0.65807
-7.63126 -0.19949 6.78265 0 -13.48017 26.80084 0.88132
0.23502 0.10394 0.80738 0 28.86550 -8.17209 0.78597
6.36175 0.07644 5.26361 0 23.58416 18.54151 0.81741
13.72027 -0.05684 5.44483 0 -20.07862 -22.29011 0.39592
-16.31359 -0.11958 7.10321 0 -26.54015 13.98645 0.43471
-0.65409 -0.10001 1.69245 0 -28.94889 7.87157 1.41639
-3.90421 -0.23393 2.49968 0 -17.22817 -24.55993 0.62032
-3.83378 0.03195 1.88528 0 12.03507 -27.48012 0.47595
-1.95385 -0.24904 4.06286 0 23.29878 18.89885 1.85107
-0.55189 -0.10043 1.51369 0 8.99370 28.62016 1.32527
-6.05653 -0.15943 3.46609 0 27.95107 10.89669 0.56473
15.02880 0.17519 23.43629 0 -6.73675 29.23382 1.55602
2.32960 0.07445 2.16652 0 -0.48443 -29.99609 0.85462
13.74785 -0.05335 8.41000 0 -21.24341 21.18295 0.61020
2.07238 -0.25743 0.57035 0 17.31495 -24.49883 0.24800
0.24494 0.01817 0.32833 0 28.83730 8.27103 0.31560
-3.12167 0.12075 1.18060 0 -28.44024 -9.54739 0.36028
23.23015 0.20565 13.29943 0 15.24993 -25.83485 0.57206
10.39147 0.14709 2.69472 0 27.24004 -12.56903 0.25831
0.99711 0.19485 0.35695 0 -20.82199 21.59733 0.25289
-3.51346 -0.01222 1.02623 0 -14.82723 26.07975 0.28053
-7.55106 -0.21703 11.57461 0 -29.93459 -1.98005 1.51961
-1.03594 0.19910 1.39267 0 -29.75520 3.82467 0.96726
-11.14918 -0.03466 5.28907 0 19.22031 23.03431 0.47260
2.94773 0.26293 1.20190 0 29.54725 -5.19231 0.38619
-0.67635 0.03990 0.74211 0 29.49932 5.45802 0.61473
-2.73690 -0.04559 0.39509 0 -9.31825 -28.51614 0.23471
-14.54899 -0.06144 5.27383 0 -28.12991 -10.42633 0.36177
-1.53619 0.07613 1.34597 0 29.97355 -1.25949 0.73437
-1.67164 0.21006 0.62161 0 14.84746 26.06823 0.31926
3.17231 0.19820 0.96707 0 8.84210 -28.66736 0.29083
0.96301 -0.01913 0.68655 0 29.83430 3.14872 0.49456
6.92603 0.00567 7.04473 0 -28.54390 9.23286 1.00675
-3.63580 -0.23997 1.55521 0 -4.33852 -29.68463 0.41249
14.65424 0.22446 3.63052 0 26.56450 -13.94014 0.24737
2.77451 -0.05854 1.09011 0 28.37302 -9.74535 0.36984
6.07278 -0.01523 2.73415 0 8.40017 -28.79995 0.44435
-0.01851 -0.09804 0.27096 0 23.30559 -18.89046 0.27091
-11.90598 -0.03518 14.05909 0 -23.73641 18.34620 1.17674
-0.22232 -0.16757 0.65658 0 -27.84468 11.16575 0.64094
0.79716 0.02995 0.77793 0 -28.94765 -7.87614 0.60833
-0.38658 -0.15401 0.51360 0 -27.10311 -12.86164 0.47907
1.61656 0.20110 0.84645 0 -24.57412 -17.20792 0.44540
-0.93658 -0.18703 1.19285 0 26.03282 -14.90947 0.87066
-0.04101 0.08868 1.03726 0 24.99144 16.59602 1.03638
-0.14238 -0.23619 0.50289 0 -29.99791 -0.35450 0.49788
-1.05809 -0.14042 0.40820 0 -25.77013 15.35905 0.28045
-1.80395 -0.03219 0.81973 0 15.00838 25.97592 0.39754
0.62768 0.06958 0.62124 0 29.70203 -4.21774 0.52621
-5.20955 -0.07972 3.36228 0 17.86170 -24.10311 0.63390
0.15188 0.24923 0.35290 0 17.49488 -24.37066 0.34890
6.71953 -0.16966 8.59801 0 25.49793 -15.80681 1.26566
0.74427 0.17723 0.50380 0 -29.93065 -2.03859 0.40421
4.29470 -0.20081 1.86281 0 -24.12340 -17.83429 0.42258
1.11847 0.06160 1.21531 0 21.92705 -20.47449 0.81007
2.97258 -0.12436 3.42456 0 -0.78784 29.98965 1.09197
-3.42545 0.15930 2.39808 0 28.57704 -9.12976 0.67209
1.00139 0.13033 0.44845 0 -26.39351 -14.26122 0.31697
11.62303 0.15976 3.29316 0 -27.95498 -10.88664 0.28246
-0.22946 -0.10078 0.71649 0 8.58364 28.74580 0.69834
1.75133 -0.26122 2.83787 0 -22.14302 -20.24072 1.40720
-0.26729 -0.13233 0.67452 0 -23.62069 -18.49494 0.65601
-10.12353 -0.23770 14.93461 0 -12.18901 27.41219 1.46813
-13.99406 0.11003 9.17023 0 -1.25924 29.97356 0.65370
-3.42352 0.25617 1.91914 0 22.86304 -19.42374 0.53821
-12.07377 -0.12031 6.15830 0 20.33589 -22.05565 0.50841
9.35235 0.16975 11.82471 0 -22.60365 -19.72498 1.25723
-0.20050 -0.24749 0.46929 0 29.99602 -0.48847 0.46014
-0.72001 0.20677 0.30874 0 -7.72214 -28.98911 0.25061
-0.46276 -0.20519 1.03137 0 22.38391 -19.97400 0.93601
1.25778 -0.09148 1.17159 0 -16.99556 -24.72147 0.72915
0.76047 -0.06692 0.91519 0 2.65158 -29.88259 0.72850
-6.10438 0.15460 5.90815 0 -29.79008 -3.54274 0.95517
-1.88733 -0.15986 0.85431 0 16.58597 24.99811 0.39967
1.53409 0.01381 1.79081 0 -14.93571 26.01777 0.97797
2.42546 -0.09642 1.27847 0 -13.28930 -26.89600 0.48750
0.77274 -0.20289 0.45869 0 16.33312 25.16405 0.36300
-21.50550 -0.10924 17.11792 0 -27.58929 -11.78265 0.79518
-4.10311 0.07780 1.44456 0 -2.80204 29.86886 0.34222
-1.60567 0.01976 1.45141 0 20.01788 22.34468 0.76733
2.17364 0.19278 2.24446 0 13.68242 -26.69815 0.93811
0.47234 -0.18724 0.44091 0 21.99165 -20.40508 0.39870
-7.12006 -0.11471 1.86391 0 -13.35983 26.86103 0.25942
-9.38989 0.04604 4.31961 0 21.45278 20.97089 0.45755
-12.71854 -0.12059 3.60870 0 -25.98347 -14.99530 0.28303
10.39364 -0.20656 7.66319 0 -10.60568 -28.06278 0.73397
-16.51291 0.05058 12.68630 0 29.86247 2.86927 0.76692
16.85625 0.20893 5.60487 0 -26.01907 -14.93345 0.33207
1.64581 0.25256 1.06223 0 -13.48772 26.79704 0.55166
-14.91148 0.01121 3.24611 0 8.74407 28.69741 0.21743
1.64189 0.20259 0.41569 0 -29.83130 3.17701 0.21638
-6.44389 -0.11520 1.98214 0 29.84202 3.07466 0.30412
-9.20352 -0.02551 4.55996 0 29.99501 -0.54688 0.49266
6.74260 -0.16086 4.58005 0 25.97565 -15.00884 0.67199
3.09832 -0.09287 1.17887 0 29.95419 -1.65727 0.36218
1.45086 -0.08721 0.52005 0 0.51442 29.99559 0.29523
-3.36544 -0.19820 1.46186 0 -27.28191 12.47789 0.41652
-2.77835 0.23563 2.55582 0 4.06453 -29.72338 0.86560
0.33952 -0.25921 0.46625 0 -29.57885 -5.00913 0.44151
-0.91816 0.26122 0.81219 0 17.04288 24.68887 0.59830
0.17343 0.17720 0.67406 0 -17.83574 24.12232 0.66415
1.55871 0.12678 1.75780 0 2.85985 29.86338 0.94922
6.00375 -0.16916 7.76439 0 0.90299 29.98641 1.27572
17.89105 -0.11979 13.74880 0 -26.69603 13.68657 0.76734
10.28362 -0.18584 3.09045 0 19.16043 23.08415 0.29927
-0.34082 0.02827 0.36005 0 19.12386 -23.11446 0.34081
-7.87697 0.16080 4.78892 0 24.73339 16.97821 0.60320
-4.83179 0.09262 1.17951 0 -28.66916 8.83626 0.23919
-4.66942 0.07849 3.32755 0 3.12499 -29.83680 0.69688
-14.64967 -0.15309 8.42862 0 -9.21789 -28.54874 0.57410
0.56121 -0.02898 0.97231 0 -20.91180 21.51038 0.84792
-0.00727 -0.14443 0.35018 0 -23.14438 -19.08763 0.35017
6.23781 0.07654 2.91707 0 -29.66101 4.49714 0.46185
16.70673 -0.03644 9.99570 0 -24.91291 16.71368 0.59732
1.91087 0.25371 1.22212 0 -17.83315 -24.12424 0.58342
-10.18584 0.08976 3.84500 0 -29.94501 -1.81556 0.37581
0.77817 -0.22634 0.59711 0 -28.34544 -9.82527 0.47128
0.59442 0.18968 0.94735 0 -28.38056 9.72336 0.81435
2.10827 0.19210 0.57085 0 -10.48979 -28.10630 0.24485
-15.90654 0.17157 12.76111 0 25.92792 15.09116 0.80074
-17.34301 -0.12248 8.60005 0 6.03573 -29.38656 0.49516
-2.35446 0.12073 1.04728 0 20.31710 -22.07295 0.40948
-4.71174 0.08765 5.91700 0 -11.37029 -27.76178 1.22853
-1.78327 0.09469 0.55685 0 -25.18785 -16.29638 0.27252
0.27049 0.22989 0.75130 0 -9.48048 -28.46262 0.72524
-0.13160 0.10554 0.59687 0 -23.95853 -18.05516 0.59177
-5.25004 0.15283 3.00506 0 -20.33346 22.05789 0.56236
2.11636 -0.01890 1.63880 0 -17.33609 24.48387 0.70018
0.47861 -0.18624 0.93572 0 29.88832 2.58615 0.84404
20.24848 0.04093 9.49966 0 -26.89831 13.28461 0.46869
4.52501 0.11224 1.16505 0 3.65046 -29.77707 0.25153
-4.33001 0.03739 3.43121 0 2.17797 -29.92084 0.77218
7.37835 -0.19499 2.34480 0 19.22753 -23.02829 0.31507
-0.17429 -0.21543 0.90840 0 22.35432 20.00711 0.89491
1.23163 -0.14073 0.59501 0 6.33533 -29.32343 0.37512
0.71437 0.15961 0.75742 0 11.03317 27.89748 0.61634
11.25194 0.11782 2.34645 0 -28.06085 -10.61078 0.20795
0.76167 -0.07472 0.21750 0 11.54864 -27.68806 0.18993
-1.32683 -0.01885 0.65978 0 -20.37232 22.02200 0.39716
19.88128 -0.15179 7.19705 0 -24.74966 16.95448 0.36168
-0.69599 -0.26386 0.53394 0 0.10534 29.99981 0.43828
-5.45953 -0.19635 2.53356 0 6.91163 -29.19297 0.45652
-23.00286 0.03208 5.42316 0 9.24005 28.54157 0.23575
-4.13346 0.11951 1.62921 0 6.40435 -29.30844 0.38328
-9.27824 0.06658 1.96662 0 22.21611 20.16047 0.21097
11.95133 -0.25505 6.50957 0 -17.41647 24.42676 0.54287
-0.11206 0.21496 0.45730 0 -1.69373 -29.95215 0.45446
3.58998 0.22056 1.16925 0 27.71393 11.48643 0.31382
-3.60879 0.17868 3.14893 0 -28.30245 -9.94842 0.84096
18.53644 0.24000 12.56842 0 -29.84281 3.06702 0.69454
19.40794 0.09951 4.39139 0 -22.16341 -20.21838 0.24229
-1.23153 0.06672 1.04726 0 -29.97767 -1.15723 0.66020
7.40987 -0.03969 3.27846 0 17.55101 -24.33027 0.43858
11.95887 0.19107 2.55293 0 -3.25855 -29.82251 0.21296
-4.44384 0.15117 3.14883 0 24.09717 17.86970 0.69134
10.46903 -0.22238 7.05831 0 -26.79429 -13.49318 0.67123
-2.64819 -0.10827 0.86997 0 12.52262 27.26140 0.30743
16.40555 0.07185 6.46675 0 11.00249 27.90959 0.39357
-2.71088 0.01550 0.70137 0 -21.27268 21.15356 0.24295
-26.53356 0.23021 17.85530 0 27.87750 -11.08356 0.67253
-16.07484 -0.20220 10.01504 0 -19.31118 22.95818 0.62190
-1.47965 -0.16283 1.14481 0 -28.63416 8.94900 0.64110
26.02427 0.21244 10.57980 0 -23.23289 -18.97980 0.40636
-0.09225 0.17442 0.44384 0 -14.82458 -26.08125 0.44196
20.35391 0.15859 9.48885 0 -26.84029 -13.40145 0.46574
-1.55302 0.05818 0.58503 0 19.30700 22.96170 0.33781
-27.04393 0.05982 8.69294 0 16.37331 25.13791 0.32137
-2.03775 -0.20366 0.87250 0 -29.66694 4.45785 0.38451
1.32138 0.21021 1.00514 0 -16.51799 -25.04308 0.60659
1.07106 0.05063 0.47029 0 -20.54915 21.85709 0.32104
1.64957 -0.01157 0.70040 0 -19.44876 -22.84176 0.36319
0.44312 -0.07031 0.39481 0 24.61952 -17.14291 0.36098
12.61637 -0.21236 12.52157 0 -0.93572 29.98540 0.98943
24.61911 -0.13330 17.20882 0 -26.25757 14.51000 0.69850
5.59753 -0.19452 7.07642 0 -9.91056 -28.31573 1.24455
-2.33350 0.14746 1.58589 0 -25.03816 16.52546 0.62479
1.46293 0.21398 0.68977 0 29.92175 -2.16545 0.38931
-25.93114 -0.03511 12.30274 0 6.77606 29.22473 0.47419
-0.17744 -0.08735 0.80610 0 24.46757 17.35909 0.79370
27.01604 -0.06059 20.43787 0 -2.46400 -29.89864 0.75606
3.95533 -0.04464 2.02156 0 16.21925 25.23759 0.49564
21.68412 -0.08063 7.73826 0 29.85426 2.95350 0.35662
-0.82260 -0.18766 0.86581 0 8.83525 -28.66947 0.66868
3.53062 0.14017 2.06489 0 23.52520 18.61625 0.56278
10.53978 -0.24701 7.90562 0 -10.97067 -27.92211 0.74679
27.03660 0.17632 14.21218 0 -5.89427 -29.41526 0.52540
13.45708 -0.05870 4.94006 0 29.47890 -5.56724 0.36622
-1.48374 -0.13161 1.04362 0 -29.44215 5.75846 0.58383
-18.73990 -0.06910 11.29745 0 25.59459 15.64983 0.60208
0.45354 -0.07888 0.91872 0 -24.12621 -17.83047 0.83670
23.31788 -0.25517 14.26399 0 7.38913 -29.07578 0.61124
5.36481 -0.15369 1.82231 0 -8.25277 28.84253 0.33397
5.56651 0.03821 4.95791 0 -11.57520 -27.67697 0.87671
2.69846 0.09396 1.83067 0 -11.37899 27.75822 0.63621
4.55726 -0.19762 2.07728 0 28.94651 -7.88033 0.44529
3.24669 0.24174 0.95862 0 0.78274 29.98979 0.28234
-3.70360 -0.21747 1.50059 0 -29.95365 1.66699 0.39126
-21.86010 -0.03806 15.04267 0 -5.70304 -29.45293 0.68749
-3.06590 0.07541 0.76380 0 29.32113 -6.34596 0.23696
4.45630 0.17161 1.51291 0 29.78660 3.57190 0.33143
-2.34297 -0.11979 0.69155 0 -24.20705 17.72058 0.27160
-0.26562 -0.23511 0.56540 0 1.99512 29.93358 0.54646
12.24755 -0.01497 8.40724 0 13.63531 -26.72224 0.68424
22.24255 -0.07855 15.22248 0 26.63416 13.80657 0.68377
2.26510 -0.03469 1.66793 0 -28.81893 8.33482 0.67369
2.28097 0.09226 1.86114 0 20.47563 21.92598 0.74740
1.05613 0.26279 0.92526 0 6.81282 -29.21619 0.63620
9.00559 -0.13869 17.05740 0 -10.75193 -28.00707 1.88255
-1.90285 0.26343 0.90865 0 -24.28900 -17.60808 0.42285
-0.48737 0.25752 0.67144 0 -13.62398 -26.72802 0.60358
0.06892 0.19879 1.11259 0 15.29537 -25.80798 1.10996
-9.49509 -0.05550 2.29443 0 20.37562 22.01895 0.24052
-5.44870 -0.05411 2.34041 0 20.47069 -21.93059 0.42259
2.29193 -0.22088 0.82565 0 -19.62952 22.68660 0.33029
4.02172 0.12559 1.14336 0 27.28225 -12.47714 0.27600
19.55149 0.10860 14.04204 0 -24.45299 -17.37963 0.71734
0.92329 0.15540 0.54283 0 24.71328 17.00747 0.39891
1.47235 -0.09414 0.87698 0 -27.71963 11.47268 0.49278
-2.68375 -0.26076 1.49453 0 -28.40253 -9.65900 0.52192
-1.15180 0.10194 0.37097 0 15.84841 25.47210 0.24334
-27.25208 0.16530 18.51660 0 3.12651 29.83664 0.67907
-1.87922 -0.12492 0.83799 0 -13.08980 -26.99365 0.39378
1.76632 0.16147 0.56057 0 27.10965 -12.84785 0.27627
12.81455 0.16436 7.93266 0 -20.29729 -22.09117 0.61724
1.99106 0.08796 0.93090 0 -0.34358 29.99803 0.41788
2.82694 -0.03256 2.96981 0 26.87986 -13.32190 0.99050
4.71696 0.00814 2.54089 0 26.57993 -13.91069 0.52698
7.45646 0.10610 3.28289 0 -29.70365 -4.20630 0.43648
-1.32879 -0.19320 0.90529 0 -23.37891 -18.79964 0.54441
-2.20326 0.11033 2.27281 0 -23.21893 18.99688 0.93940
-7.94566 -0.02595 6.35253 0 -0.43251 -29.99688 0.79330
-1.22405 0.16509 1.35631 0 21.72473 -20.68903 0.85814
19.56675 0.16052 10.92427 0 -10.87728 -27.95862 0.55767
-3.34961 -0.12521 1.64917 0 -27.67643 -11.57649 0.49686
-0.15242 0.23680 0.50854 0 -13.65000 -26.71474 0.50274
2.57937 0.26131 3.28785 0 -12.67361 27.19153 1.18857
0.02769 -0.20075 1.14340 0 -9.16879 28.56455 1.14296
10.78719 0.03722 6.03476 0 -28.04652 10.64859 0.55714
11.95901 0.09515 5.70718 0 24.31695 -17.56946 0.47567
-1.53304 -0.01857 1.24525 0 25.64882 -15.56078 0.68037
-17.09967 0.19816 14.97969 0 3.06345 -29.84318 0.87459
0.69664 0.09371 0.72926 0 25.63452 15.58433 0.59840
-26.66397 -0.13770 9.70281 0 26.59277 -13.88613 0.36377
-3.91815 -0.04869 2.30441 0 -28.65712 -8.87522 0.56999
-6.94556 0.23743 4.40688 0 -16.33836 25.16064 0.62809
-1.66694 -0.01550 1.06653 0 -24.29566 17.59889 0.54874
0.83159 -0.18044 2.45487 0 -26.74604 -13.58857 1.88751
-1.48796 -0.23539 0.84714 0 -10.42586 -28.13008 0.47260
-1.61421 0.19646 2.31498 0 0.51459 -29.99559 1.21918
-2.49483 0.06120 3.61236 0 22.77676 -19.52484 1.34403
-23.29533 0.17578 36.10757 0 -29.44681 5.73459 1.54860
-0.98558 0.21853 0.79917 0 20.28008 22.10698 0.56922
0.70186 0.12107 0.74065 0 -14.06305 -26.49964 0.60626
3.46475 0.22881 0.91315 0 -2.35124 -29.90772 0.25330
13.55853 0.11258 10.42335 0 -28.91039 -8.01184 0.76675
5.10990 0.26200 7.71607 0 -29.73679 -3.96524 1.48196
-1.31426 -0.11237 1.76544 0 -16.04295 -25.35002 1.06907
-25.99278 0.13714 8.97657 0 14.11096 -26.47415 0.34524
8.12880 0.09874 3.86867 0 -29.82294 3.25460 0.47246
-3.00240 -0.21195 1.21958 0 7.87979 -28.94666 0.38546
-1.27927 -0.06846 1.59574 0 -24.37478 -17.48914 0.98279
0.87369 -0.01197 0.63039 0 15.40660 25.74173 0.47476
1.58863 -0.18418 3.46215 0 21.04287 21.38218 1.84436
1.48265 0.07046 2.12100 0 15.92778 25.42255 1.18602
0.43723 0.04893 2.07902 0 29.97773 -1.15562 1.90490
-2.36233 0.09971 5.65489 0 -19.59173 22.71925 2.20441
0.98075 0.11192 1.50481 0 8.68618 28.71498 1.04591
0.58291 -0.07907 0.60576 0 11.98214 27.50324 0.54532
2.30741 0.02147 5.07655 0 21.62380 -20.79450 2.01871
-1.73611 0.14683 1.00982 0 8.40588 -28.79828 0.50409
-3.19783 -0.17041 1.52217 0 9.57183 28.43203 0.45443
-1.36448 -0.19524 1.74008 0 28.85085 8.22364 1.02863
-2.09212 0.24875 0.79581 0 24.17922 17.75853 0.34328
-5.58165 -0.18085 3.92971 0 -28.92506 7.95871 0.69308
-7.31928 -0.10627 6.89724 0 -27.73984 -11.42372 0.93372
-3.75969 -0.10558 10.95274 0 -27.01483 13.04603 2.81534
-5.15826 0.10442 2.84266 0 -28.71288 8.69313 0.54108
-4.81522 0.19100 3.23319 0 9.74045 28.37470 0.65722
-8.72732 0.16129 1.81239 0 -29.99982 0.10330 0.20655
0.92631 -0.05470 0.77920 0 -24.18063 17.75661 0.57169
-1.63213 0.07281 1.03098 0 -29.37651 6.08447 0.53868
12.63176 -0.02330 7.03910 0 -21.21099 21.21541 0.55560
0.97963 0.22503 0.76775 0 -1.46943 -29.96399 0.54849
8.16023 -0.01725 5.17940 0 0.96349 29.98452 0.63008
9.77026 0.23049 5.61680 0 2.69899 29.87834 0.57198
-4.27856 -0.10662 3.87828 0 -29.06216 -7.44250 0.88270
-6.04371 0.17442 1.84802 0 28.48809 -9.40365 0.30175
4.03938 0.01342 2.67337 0 -14.40991 -26.31263 0.64254
0.09787 0.22054 0.74963 0 3.83447 -29.75394 0.74607
0.38614 0.23724 0.65630 0 -23.18341 19.04021 0.61225
-7.78754 0.08853 2.27302 0 -3.00310 -29.84931 0.28967
-0.24454 0.23845 0.67495 0 -29.58018 -5.00131 0.65563
-6.58125 -0.01267 2.09095 0 -28.63848 8.93518 0.31426
1.37569 0.19314 0.92269 0 -28.92685 7.95218 0.54258
-1.89795 -0.08196 2.43278 0 16.80574 24.85090 1.13406
1.36084 0.09409 0.90010 0 -9.27105 28.53152 0.53303
-4.60312 -0.23864 1.49018 0 -29.93986 1.89866 0.31644
-6.20191 -0.18957 4.04145 0 28.03315 10.68375 0.64341
3.05304 0.01062 1.31021 0 -28.60463 -9.04296 0.40786
-8.94807 0.06727 4.56560 0 -12.62471 27.21427 0.50717
1.08308 -0.05071 1.59604 0 1.03633 -29.98210 1.08272
-2.86111 -0.23580 1.36633 0 2.85863 -29.86349 0.45091
-0.95439 -0.24806 1.96882 0 1.28506 29.97246 1.42429
-14.05728 -0.02785 6.14964 0 7.67975 29.00037 0.43648
6.51413 0.00884 3.61083 0 -24.83954 16.82252 0.54798
-13.50311 -0.18594 14.53454 0 -10.97312 27.92115 1.07349
3.34435 -0.24778 2.17337 0 -19.24689 -23.01211 0.62282
-0.13726 -0.11539 0.78363 0 27.27207 12.49937 0.77635
1.31244 -0.05969 0.69882 0 29.87596 -2.72527 0.42360
-5.31442 0.04172 1.19015 0 24.53313 17.26631 0.22028
-10.30749 -0.16918 8.06924 0 -8.19579 28.85878 0.77926
-1.83569 0.23193 1.83542 0 -16.74844 -24.88955 0.87807
2.99764 0.01651 3.12139 0 -12.14980 -27.42959 0.98784
-0.52520 -0.07407 1.39469 0 -10.22104 28.20515 1.23477
-12.12617 -0.10339 5.47512 0 -29.54934 -5.18039 0.45009
-0.60490 -0.22938 0.31492 0 27.16247 12.73580 0.26951
5.98588 0.01777 3.03364 0 -10.41743 -28.13320 0.50002
4.12777 0.09583 1.54306 0 -2.06666 -29.92873 0.36348
3.84956 -0.01355 0.86085 0 -5.75326 29.44316 0.21655
0.79005 -0.09980 0.85818 0 23.02553 -19.23084 0.67342
5.82939 0.13080 2.69486 0 24.25442 17.65569 0.45571
15.41596 -0.15489 7.16634 0 16.51950 25.04209 0.46399
13.62993 -0.09837 3.62123 0 -17.82295 -24.13177 0.26515
-1.90218 -0.12620 0.65468 0 -24.90989 -16.71818 0.30475
-7.86388 -0.17610 5.91241 0 26.99128 -13.09468 0.74590
4.59064 0.24073 3.33722 0 10.69983 -28.02702 0.71040
1.89305 -0.04303 1.09904 0 -10.99010 27.91447 0.51342
-8.32707 -0.02930 2.57840 0 -12.86524 27.10139 0.30759
1.37188 0.12722 1.02802 0 22.43583 -19.91566 0.60561
3.95962 0.07299 2.40957 0 1.05429 -29.98147 0.59006
0.41815 0.12934 0.67732 0 24.30193 -17.59023 0.62490
1.26262 0.05088 0.72208 0 3.49675 -29.79552 0.44837
-1.70806 0.11325 0.70661 0 -9.62696 28.41341 0.35710
2.75312 0.20286 1.98784 0 14.25560 26.39655 0.67871
-0.37058 0.22459 0.60648 0 0.18465 -29.99943 0.56657
8.04311 -0.18809 3.50391 0 -26.18450 -14.64144 0.43242
0.09647 0.22292 0.26552 0 21.12420 21.30183 0.26430
-5.51158 -0.00433 1.91269 0 -13.42981 -26.82611 0.34157
-3.66929 0.07711 1.23054 0 -28.27093 -10.03766 0.32370
7.07082 -0.25046 2.15464 0 29.97583 1.20406 0.30188
-0.95316 -0.01195 0.34219 0 -21.50552 -20.91680 0.24779
-2.33475 -0.18218 0.72523 0 17.49431 24.37107 0.28561
7.45755 0.09926 2.95612 0 -5.70635 29.45229 0.39300
-1.31606 -0.00870 1.08544 0 4.68548 -29.63185 0.65675
-0.54130 -0.14101 1.05377 0 -26.22828 -14.56287 0.93088
2.98199 0.00441 0.97537 0 -29.99201 -0.69232 0.31031
3.91019 0.14626 2.32653 0 28.62354 -8.98294 0.57650
-11.64134 0.15816 5.57460 0 -20.48326 -21.91885 0.47721
-3.82165 -0.25094 1.88629 0 26.09737 14.79619 0.47771
25.73863 0.09358 14.93581 0 -23.64735 -18.46084 0.57993
-2.05940 -0.04003 1.01262 0 9.96685 -28.29597 0.44242
-16.95175 0.13536 13.60298 0 25.10187 16.42851 0.80112
-22.88541 -0.19261 18.14831 0 28.36410 -9.77127 0.79232
-14.37167 -0.23672 3.41462 0 1.90159 -29.93967 0.23723
1.65094 0.11883 0.55943 0 -20.87427 -21.54680 0.28996
-5.99753 -0.13163 1.50445 0 29.97887 -1.12582 0.24757
5.35497 -0.14388 1.04777 0 0.11678 29.99977 0.19250
1.20235 -0.09141 0.30331 0 7.18093 29.12790 0.19408
-0.03066 0.04345 0.43551 0 -28.84049 -8.25990 0.43531
-0.01591 -0.13969 0.25131 0 -19.20024 23.05105 0.25128
-2.85913 -0.24522 3.78954 0 -29.03519 7.54704 1.25117
10.62656 -0.14403 7.92401 0 -2.92227 29.85733 0.74247
-1.31858 0.07585 1.66702 0 26.83595 13.41015 1.00737
0.97476 0.22002 1.06087 0 -29.99754 -0.38400 0.75971
-0.38632 0.12122 0.64354 0 -23.75907 18.31684 0.60031
0.74742 -0.04536 0.64232 0 28.62533 -8.97722 0.51453
-0.95551 0.22164 0.41833 0 -28.64337 8.91951 0.30253
-7.59908 -0.02346 5.28400 0 25.56882 -15.69189 0.68947
11.30850 0.16162 7.78966 0 -8.73064 -28.70150 0.68623
1.82027 -0.17749 0.76373 0 26.21390 14.58874 0.36787
1.77428 0.16329 0.49891 0 -29.67650 4.39380 0.24513
0.51655 -0.25464 0.96307 0 29.29593 -6.46133 0.85567
-0.92222 0.04555 0.49071 0 25.62643 -15.59763 0.36078
-3.06630 0.06775 0.93108 0 -28.07158 10.58237 0.28880
0.25554 -0.18069 0.29486 0 -20.46149 21.93917 0.28611
24.70817 -0.16665 6.32129 0 8.64738 -28.72669 0.25582
19.52135 0.24932 8.45067 0 20.65218 21.75977 0.43244
-12.35713 0.16286 3.76216 0 -27.49259 12.00656 0.30362
-3.04538 0.04707 1.30042 0 -21.42084 -21.00352 0.40581
-1.45191 -0.26265 0.36058 0 -27.30111 12.43581 0.20469
0.17373 -0.18929 0.44919 0 -26.92460 -13.23125 0.44145
2.10675 0.20956 1.38849 0 3.31501 -29.81628 0.59545
3.65073 0.00438 2.90168 0 -28.80507 8.38261 0.76661
9.27079 -0.01300 3.10505 0 29.94283 -1.85122 0.33314
-2.90293 0.00933 1.58629 0 24.78448 -16.90353 0.51676
2.35753 -0.13191 1.27210 0 25.34501 16.05087 0.49688
-1.62666 -0.24348 0.58664 0 29.88165 2.66209 0.30737
2.66370 0.11447 1.49225 0 29.85293 2.96696 0.52455
20.13050 0.01327 7.59587 0 10.47286 28.11262 0.37700
-0.59504 0.09377 0.39915 0 12.09338 -27.45451 0.34306
0.56397 -0.13612 0.84765 0 29.99022 0.76595 0.73834
11.45889 0.12969 3.38138 0 -29.99842 0.30737 0.29413
4.22959 0.25588 6.91121 0 -22.78416 -19.51620 1.59022
0.13807 -0.04141 0.43646 0 26.48684 14.08713 0.43236
1.89977 -0.20853 1.51625 0 -29.97377 1.25431 0.71296
9.53754 -0.03128 7.53586 0 16.93903 -24.76024 0.78588
4.10802 0.25400 0.92472 0 0.14831 -29.99963 0.21879
15.26221 0.10674 3.70915 0 -21.26526 21.16102 0.24271
1.87551 0.26144 1.08130 0 14.13574 -26.46093 0.50881
7.98505 0.24873 3.34145 0 -22.21220 20.16477 0.41533
0.22875 0.02725 0.68979 0 -23.10005 19.14125 0.67242
11.16010 -0.25124 4.24302 0 -26.85550 13.37094 0.37881
8.45257 0.24021 3.30694 0 29.39038 6.01711 0.38865
0.83719 0.04461 0.38896 0 29.46111 -5.66066 0.29831
0.10552 -0.06775 0.86216 0 26.25478 14.51504 0.85740
-1.35560 -0.22785 1.31805 0 -28.58224 -9.11350 0.78250
-2.83905 0.26062 0.80452 0 -29.23473 6.73280 0.26747
-3.99862 0.17368 2.52661 0 20.56587 -21.84136 0.61317
-1.86383 -0.08195 0.91989 0 -12.25757 27.38160 0.43501
-0.34815 0.02265 0.66180 0 -1.57360 29.95870 0.62501
20.02247 0.18816 20.79760 0 23.53082 -18.60915 1.03747
-4.37809 0.25554 1.74517 0 28.13056 10.42456 0.38871
-14.47303 0.24571 12.34589 0 9.50401 28.45477 0.85106
