-13.63169 -0.02841 4.72892 0 23.96050 -18.05254 0.34612
-2.13320 -0.16687 1.77850 0 -7.73626 28.98535 0.75493
0.07560 0.05695 0.34398 0 -29.36721 -6.12920 0.34300
-12.87535 0.06886 13.33434 0 29.79301 3.51800 1.03259
0.63622 -0.12031 0.34586 0 10.44324 28.12363 0.29184
-0.51992 0.18928 0.24023 0 10.28246 -28.18281 0.21319
2.46047 -0.06435 0.58819 0 -24.83392 -16.83082 0.22156
-0.83140 -0.21706 0.56367 0 -27.55498 11.86268 0.43349
-0.76692 -0.18299 0.89939 0 -22.36094 -19.99971 0.71369
-1.37141 -0.00645 0.56624 0 5.26606 29.53419 0.33370
-12.74459 -0.05845 3.20615 0 29.83868 -3.10693 0.25099
-4.60271 0.11018 1.64180 0 -11.02206 27.90187 0.34864
-24.71816 0.24578 10.43187 0 28.86343 -8.17939 0.42180
7.74788 -0.03965 2.57383 0 8.22250 -28.85118 0.32961
-10.55580 -0.00665 6.09286 0 -28.95605 7.84520 0.57472
19.33203 0.15849 17.23276 0 21.56491 20.85557 0.89027
16.05419 0.02002 6.68699 0 6.42195 -29.30458 0.41584
1.78593 0.15323 0.85315 0 18.72127 -23.44172 0.41692
-1.84776 0.14805 1.58301 0 -13.38237 -26.84981 0.75351
-1.10303 0.22333 0.92367 0 29.89023 -2.56398 0.62044
-0.33829 0.01919 0.58330 0 -29.28592 -6.50651 0.55255
-4.95773 0.07497 2.25009 0 -2.06102 -29.92912 0.44500
-2.68202 -0.17229 2.23060 0 29.26899 -6.58228 0.77935
-5.37022 -0.10866 0.88008 0 20.22351 -22.15874 0.18159
-0.65948 -0.20669 0.53232 0 -12.29146 -27.36641 0.44443
0.06445 0.03225 0.58415 0 -22.55484 19.78078 0.58294
0.44490 -0.22318 0.61797 0 -6.29064 -29.33305 0.56462
1.70724 -0.15509 1.65021 0 26.35674 -14.32908 0.83410
0.11870 0.14506 0.48736 0 -29.96831 1.37852 0.48396
1.07014 -0.04789 0.81523 0 -25.67468 -15.51808 0.55664
16.30505 -0.00473 4.88142 0 6.57966 -29.26958 0.29898
-4.95795 0.17694 1.18666 0 26.46976 -14.11919 0.23471
-0.43657 0.14569 0.50973 0 -1.43300 29.96576 0.46717
2.72075 -0.06432 2.99297 0 -27.41464 -12.18348 1.03262
4.18163 -0.02745 1.78459 0 17.35834 -24.46810 0.41512
11.09302 -0.18805 7.72316 0 4.12244 29.71541 0.69348
8.00681 0.20441 3.62827 0 -21.37948 -21.04561 0.44976
4.31895 -0.19993 1.40317 0 -8.92218 28.64253 0.31674
-10.69728 -0.16547 3.50402 0 10.07916 -28.25616 0.32629
-15.72554 0.26114 7.07773 0 13.39150 26.84526 0.44928
5.26884 -0.05708 5.54639 0 -29.99944 0.18337 1.03427
4.66197 -0.13238 1.37273 0 27.89287 -11.04482 0.28798
6.75515 0.16837 3.53234 0 -28.63668 -8.94094 0.51737
-4.41738 0.23935 4.79963 0 -12.58929 -27.23068 1.05980
-2.49525 0.15520 0.68246 0 26.75753 13.56593 0.25394
-0.23625 0.18025 1.25886 0 -27.64958 -11.64048 1.22513
4.44688 -0.12185 1.98116 0 -26.26744 14.49211 0.43482
-16.33233 -0.19030 8.19537 0 7.21638 -29.11913 0.50095
-8.78249 0.16118 5.92808 0 -26.75503 -13.57087 0.67073
0.08134 -0.00052 0.37462 0 10.83917 27.97342 0.37339
3.32650 -0.07558 1.79745 0 -1.43833 29.96550 0.51751
8.03482 0.14416 1.94567 0 6.50269 -29.28677 0.24050
7.25272 0.26330 5.64678 0 -24.32342 17.56050 0.77134
-3.93885 -0.14077 4.58715 0 -12.14360 -27.43233 1.12881
-11.34684 -0.08004 11.25750 0 1.60668 29.95695 0.98835
5.84727 -0.01501 2.13968 0 3.75962 29.76349 0.36093
-0.77461 0.23038 0.75015 0 -28.60666 -9.03653 0.59307
0.22638 0.24414 0.85144 0 -28.64352 -8.91900 0.83043
0.78165 0.24400 1.44423 0 -2.65934 29.88190 1.13789
2.21247 0.21705 1.28631 0 19.96437 -22.39249 0.52991
5.97685 0.23108 2.44528 0 29.88550 2.61852 0.41032
5.69644 0.16059 2.93544 0 -27.31925 12.39592 0.50769
5.38955 0.16288 2.92279 0 -29.35350 -6.19453 0.53329
0.40463 -0.18050 1.00124 0 29.68298 4.34978 0.92815
-3.70362 -0.18787 1.67317 0 -22.29555 20.07258 0.44691
0.19193 -0.04383 0.76316 0 -28.52439 -9.29297 0.74948
-1.23213 0.22923 1.01904 0 29.68818 4.31417 0.64221
-5.71423 -0.14425 4.49372 0 16.52097 25.04112 0.77471
-3.15118 -0.03892 1.39547 0 29.81786 3.30075 0.42216
-16.47665 0.16088 14.21338 0 29.99925 0.21239 0.86111
-22.93179 0.01706 22.59364 0 -28.05478 -10.62683 0.98437
-10.76192 -0.14370 3.27078 0 -28.21477 -10.19445 0.30278
-20.88788 0.14975 10.93787 0 27.13964 12.78436 0.52314
-2.06851 0.01404 1.10563 0 10.36220 -28.15359 0.48130
14.42452 -0.24381 14.25791 0 -27.53064 -11.91906 0.98613
15.59181 0.02510 7.98415 0 -29.83201 3.17037 0.51112
0.20152 0.11562 0.61481 0 -21.28446 -21.14171 0.60270
-1.22923 -0.10301 0.35198 0 -26.28875 14.45344 0.22224
-0.08652 -0.14160 0.92258 0 -27.04349 -12.98652 0.91915
-5.87907 0.26081 5.39590 0 -8.21547 -28.85318 0.90488
-3.09513 -0.09738 4.45542 0 -24.39446 17.46169 1.36982
0.74213 0.16599 1.15928 0 26.99899 13.07878 0.93096
-10.41240 -0.06382 5.07805 0 -8.94318 28.63598 0.48556
-0.22242 0.03618 0.64476 0 -29.96365 -1.47634 0.62939
-3.62881 0.02815 1.87295 0 20.86057 -21.56007 0.49769
0.84975 -0.10048 0.34914 0 -25.71846 -15.44542 0.26612
-4.63041 -0.12348 4.18892 0 -0.16511 -29.99955 0.88433
-25.59016 0.23194 9.05445 0 -0.17286 29.99950 0.35369
2.85965 0.25949 1.91977 0 -14.75594 26.12015 0.63384
0.09847 0.10997 0.56982 0 27.51540 -11.95419 0.56707
1.72716 0.21697 2.10161 0 -18.87483 -23.31825 1.05307
1.63823 0.11411 0.74369 0 4.42014 29.67259 0.38754
-2.94793 0.03095 0.92840 0 -25.62637 15.59773 0.29843
12.41735 0.04046 12.78559 0 22.08888 20.29978 1.02638
-3.89398 -0.09526 1.04896 0 -25.75385 15.38633 0.26103
-2.23952 -0.25935 1.49870 0 7.97313 -28.92109 0.61111
-0.44109 0.06470 0.53315 0 -29.26441 -6.60262 0.48782
3.24558 0.01700 3.96349 0 14.12872 26.46468 1.16710
5.08213 0.12030 3.49418 0 26.04397 -14.88999 0.67474
3.12311 -0.13523 2.40849 0 -17.14953 24.61491 0.73455
1.55439 -0.17118 1.23304 0 -0.38716 -29.99750 0.66720
9.84629 -0.06206 6.74220 0 18.65596 23.49372 0.68131
1.82366 0.06306 0.72749 0 29.53327 5.27126 0.34987
2.54825 0.07844 1.18832 0 -17.46597 24.39139 0.43416
-16.71047 0.00314 5.57800 0 26.64157 -13.79228 0.33335
8.61110 0.22638 4.79652 0 24.67073 -17.06912 0.55338
-1.20096 -0.24379 1.15752 0 -29.92002 2.18917 0.74070
-5.47250 -0.25347 1.78827 0 8.61275 28.73709 0.32161
-0.83621 -0.14544 0.53159 0 15.49631 25.68782 0.40783
13.22844 -0.19409 15.38322 0 -23.73496 18.34807 1.15962
0.37761 -0.03497 0.37529 0 29.67612 4.39636 0.35111
-0.41743 0.25907 0.87247 0 15.57561 25.63982 0.80515
-15.86438 0.22453 4.44685 0 15.17832 -25.87699 0.27992
0.64658 -0.01520 1.03535 0 -24.32199 -17.56248 0.86946
5.76783 0.23042 2.25726 0 13.37623 26.85287 0.38570
2.16186 0.06338 0.67517 0 -6.37497 -29.31484 0.28362
-1.27195 0.16736 1.13311 0 -18.17004 -23.87153 0.70038
-14.34367 -0.00239 6.24127 0 22.16091 20.22113 0.43418
2.39745 0.21882 1.24345 0 29.80834 3.38568 0.47872
-2.63436 -0.19471 1.08172 0 29.96067 1.53563 0.35042
1.29707 -0.05335 0.65576 0 15.86442 25.46213 0.40045
24.08503 -0.01249 17.86607 0 29.69757 4.24905 0.74122
-11.44182 0.12833 6.73731 0 -19.89245 22.45641 0.58668
-5.69270 0.25300 4.02609 0 9.22878 -28.54522 0.69670
-14.82776 0.23725 7.04744 0 29.73888 -3.94956 0.47431
17.35091 0.02422 18.30262 0 -29.95596 -1.62487 1.05315
-1.25664 0.14141 1.09023 0 -26.24649 14.53004 0.67892
0.96703 -0.25095 0.38330 0 -8.38307 -28.80493 0.27562
-0.69401 0.23856 0.56334 0 17.76129 24.17719 0.49588
-0.43252 0.24654 0.43209 0 21.82293 -20.58543 0.39660
-5.94149 0.12591 2.39407 0 -13.94242 -26.56330 0.39745
-25.94817 0.21574 16.98277 0 -29.47054 5.61133 0.65408
6.30876 -0.16132 3.59480 0 -25.18856 -16.29529 0.56287
0.01336 -0.20887 0.28447 0 23.18633 19.03666 0.28444
-11.83833 0.08713 6.80831 0 22.20915 20.16813 0.57315
-17.41823 -0.09745 4.76826 0 -26.11560 14.76399 0.27348
6.06935 -0.23555 1.52820 0 28.34334 9.83132 0.31256
-2.78318 -0.01442 1.42715 0 -29.99948 0.17657 0.48265
0.23425 -0.22345 0.34146 0 23.16547 19.06203 0.33247
6.61408 -0.12260 6.31247 0 7.92330 -28.93478 0.94373
0.60583 -0.15692 0.82881 0 13.28670 26.89728 0.70888
-4.49652 0.12964 2.39475 0 -27.91208 10.99619 0.51995
-26.49563 -0.03833 14.92651 0 -29.82158 3.26699 0.56304
2.92506 -0.23908 1.96298 0 29.70100 -4.22502 0.63503
-0.99159 0.03946 0.30096 0 -30.00000 0.00646 0.21383
12.82904 -0.15772 4.32667 0 -25.30254 -16.11774 0.33638
-25.04113 0.20862 14.52551 0 22.45207 -19.89734 0.57969
8.51476 0.02562 3.10024 0 29.79182 -3.52812 0.36175
0.09730 -0.05856 0.59187 0 29.52457 5.31976 0.58909
-0.71093 0.14203 0.39299 0 22.67799 19.63947 0.32037
-14.73035 -0.18683 10.52766 0 2.25196 -29.91536 0.71312
0.70706 0.13629 0.67805 0 17.33142 -24.48718 0.55366
9.68949 0.13243 8.40063 0 20.50376 21.89968 0.86246
8.20000 0.11021 1.90103 0 -29.73436 -3.98346 0.23034
-15.31950 0.03419 6.48644 0 28.90300 8.03844 0.42263
-0.37199 -0.00643 0.54786 0 6.26345 -29.33887 0.51350
1.03837 -0.03705 1.05667 0 -29.96313 1.48683 0.73302
0.78928 -0.09331 0.51055 0 16.36550 -25.14300 0.40080
-1.29335 0.05153 0.59864 0 13.49709 -26.79232 0.36625
-2.49996 -0.08290 0.50462 0 -12.85323 -27.10709 0.18746
-9.14054 0.20530 7.69346 0 7.40598 29.07149 0.83675
-4.27525 0.11216 1.00343 0 -18.05132 23.96143 0.22876
0.60999 -0.08714 0.33112 0 -25.96241 15.03175 0.28273
-3.61260 -0.22757 2.10476 0 19.88358 22.46427 0.56157
-1.16537 0.22008 0.80928 0 -29.37048 -6.11349 0.52707
-10.92355 0.20428 3.45382 0 9.17556 28.56237 0.32678
-1.26050 0.06534 0.61076 0 -20.16863 -22.20870 0.37966
2.61947 -0.15274 3.32405 0 23.96489 -18.04671 1.18557
-0.59452 0.23700 0.85260 0 24.48939 -17.32830 0.73288
4.68427 0.22108 2.24756 0 23.47658 18.67753 0.46937
0.03604 0.24044 0.61228 0 -7.69195 -28.99714 0.61189
4.05559 -0.17072 3.65918 0 -28.40030 -9.66555 0.87612
-4.11059 0.17992 1.53980 0 23.94602 -18.07174 0.36415
9.90649 0.05390 5.95579 0 25.41347 15.94226 0.59824
-25.32492 0.03013 15.88711 0 9.82952 28.34397 0.62692
-0.12528 -0.01725 0.42657 0 8.70844 28.70824 0.42326
-0.35769 -0.21779 0.33006 0 -23.16465 -19.06303 0.31080
8.98049 -0.00594 5.18930 0 -24.43443 -17.40571 0.57438
1.29977 0.05771 0.69625 0 8.75148 -28.69515 0.42463
-14.98657 -0.12684 7.57422 0 -5.61013 29.47077 0.50438
0.41394 -0.05622 0.60230 0 25.64976 15.55924 0.55652
-0.21973 -0.22892 0.38669 0 -18.55520 23.57338 0.37769
-21.62897 -0.16809 4.98706 0 11.65398 27.64389 0.23054
2.05975 -0.25923 0.58625 0 -29.65846 -4.51398 0.25616
-2.74416 0.17095 0.89740 0 22.05514 -20.33644 0.30742
0.20700 0.20684 0.39736 0 -14.09832 26.48089 0.38912
16.61419 0.17967 6.59040 0 23.26803 18.93671 0.39608
9.19180 0.02109 1.70418 0 28.53757 9.25241 0.21981
0.05716 0.09082 1.25282 0 -16.01374 -25.36849 1.25077
-3.25435 -0.07527 0.53243 0 -16.61408 -24.97944 0.15652
-0.28953 -0.03706 0.74091 0 1.69957 29.95182 0.71168
1.41193 0.15982 1.23742 0 29.39283 -6.00514 0.71523
-0.93785 0.14942 0.46380 0 -26.45117 14.15399 0.33836
6.64187 -0.24067 1.95470 0 -12.27299 -27.37469 0.29118
-7.31009 -0.05683 1.67675 0 -13.38973 26.84614 0.22747
3.02836 -0.25048 2.39679 0 12.07723 27.46162 0.75161
-1.99470 0.15826 0.70636 0 15.70548 25.56048 0.31669
19.27104 -0.24103 7.05193 0 -4.10536 29.71777 0.36558
-7.55448 0.24335 3.25938 0 -15.64000 25.60059 0.42783
-1.20022 -0.13649 1.18899 0 25.32550 16.08163 0.76113
-0.86985 0.12527 0.35123 0 29.94796 -1.76627 0.26507
-0.64176 -0.12242 0.22035 0 -6.54690 -29.27692 0.18551
-5.83325 0.02442 3.63898 0 -5.31748 29.52498 0.61495
-3.96333 -0.02399 1.37083 0 10.74138 -28.01112 0.33551
-0.64612 0.11489 0.71743 0 13.43695 26.82253 0.60262
-4.05336 -0.21514 2.84534 0 -26.57442 -13.92122 0.68169
10.29017 0.03371 5.70959 0 -27.29026 12.45959 0.55234
-0.42636 0.22628 0.75634 0 -18.34842 -23.73469 0.69575
0.89153 0.25183 0.27758 0 -2.20730 -29.91869 0.20730
-1.39755 0.22403 0.43573 0 -12.32056 27.35331 0.25365
-3.55981 -0.21096 1.64108 0 11.53792 -27.69254 0.44386
2.27587 0.20199 0.93596 0 -29.94028 -1.89190 0.37657
0.50503 0.09975 0.87977 0 6.01468 29.39088 0.78532
0.16333 -0.18930 0.45346 0 -13.91781 26.57620 0.44754
-0.28625 0.19383 0.41064 0 29.99365 -0.61716 0.39480
-4.72938 0.24259 1.15341 0 -17.95231 24.03569 0.23870
-21.46249 -0.04676 10.18462 0 29.62341 4.73851 0.47412
-16.59962 0.03352 11.39649 0 -27.67320 -11.58422 0.68538
-2.14698 0.10412 1.94999 0 -5.90516 -29.41308 0.82340
4.57981 -0.21050 7.01306 0 -13.39874 26.84164 1.49609
-0.86797 -0.15888 1.38461 0 20.53668 -21.86881 1.04568
-2.94699 0.08485 1.83716 0 26.96742 -13.14375 0.59041
-25.25573 0.01426 11.16886 0 4.74627 29.62217 0.44200
-9.31351 -0.19161 3.39374 0 27.42077 12.16968 0.36244
-4.10447 -0.15057 2.54530 0 -12.14795 -27.43041 0.60255
-0.31640 0.18690 0.82005 0 -9.73626 -28.37614 0.78186
0.33379 0.11082 0.45477 0 10.27824 28.18435 0.43138
11.30397 0.16404 4.93886 0 -7.75963 28.97910 0.43533
-1.92833 0.24167 0.84866 0 27.15472 -12.75231 0.39080
-2.06296 0.11696 1.31845 0 17.77057 24.17037 0.57517
16.01579 -0.04154 6.87627 0 -6.48552 -29.29058 0.45533
0.04437 -0.24351 0.48932 0 -4.45498 29.66738 0.48884
5.91172 -0.20356 2.78940 0 4.09876 29.71868 0.46535
2.13416 0.12866 1.44831 0 -4.44481 29.66890 0.61463
-5.07151 0.04012 0.96690 0 29.88013 -2.67911 0.18718
-3.39452 -0.07292 0.99585 0 27.81738 -11.23359 0.28157
-0.28044 -0.15822 0.49875 0 20.13161 -22.24227 0.48023
14.49167 0.14329 13.80229 0 -29.68641 -4.32631 0.95022
1.75558 -0.10209 0.52168 0 5.66555 -29.46017 0.25838
3.63824 -0.15629 2.56075 0 17.51582 -24.35562 0.67871
3.50289 0.12381 2.46993 0 15.24245 -25.83927 0.67809
-0.31169 -0.26313 0.53726 0 -3.29552 29.81844 0.51293
-1.63731 -0.01949 0.59632 0 -22.98051 19.28461 0.31095
-7.06280 -0.19823 4.70216 0 -0.78252 -29.98979 0.65926
-0.47708 -0.13040 0.96805 0 -17.80752 -24.14316 0.87372
-6.03775 -0.07268 3.83647 0 4.13319 -29.71391 0.62691
2.75094 0.18542 1.20234 0 -16.04112 25.35118 0.41084
0.74545 -0.18903 0.46256 0 20.95360 21.46967 0.37090
0.75129 0.23108 0.63765 0 -27.91213 10.99604 0.50983
-7.08985 0.06822 4.36975 0 -8.47745 28.77730 0.61038
-1.36589 -0.18826 0.79136 0 -11.61336 -27.66098 0.46754
-23.61995 -0.07536 10.33287 0 -18.72240 23.44081 0.43718
-7.34653 0.13455 7.01459 0 -28.59175 -9.08362 0.94614
4.96953 -0.03865 3.58923 0 3.94178 29.73991 0.70809
1.24250 0.06344 1.14756 0 4.01642 -29.72992 0.71957
3.13954 0.09772 1.26458 0 6.42855 29.30314 0.38392
-16.33719 -0.18743 8.00878 0 -2.58686 -29.88826 0.48940
-14.46535 -0.17266 7.01715 0 28.12267 10.44583 0.48405
-24.54315 0.06636 8.54912 0 -0.68845 29.99210 0.34818
4.58502 0.12505 1.89179 0 -19.61286 -22.70101 0.40324
18.48331 0.08486 7.21821 0 29.15145 7.08471 0.39008
14.34769 0.09656 9.87647 0 -23.50017 18.64784 0.68677
-1.00791 -0.11960 0.40885 0 -5.93516 -29.40704 0.28804
-14.91659 0.02789 8.04220 0 -29.75044 3.86153 0.53803
-27.20659 -0.23573 10.36817 0 -13.35261 -26.86462 0.38096
-2.52081 0.01788 0.67207 0 4.91354 -29.59488 0.24797
4.08934 0.05579 1.48928 0 6.28342 -29.33460 0.35393
26.82469 0.01638 8.55619 0 -7.52671 29.04047 0.31890
17.98245 0.14453 16.74170 0 25.22327 -16.24151 0.92962
2.18463 -0.08581 1.56565 0 -29.33524 -6.28041 0.65652
-0.09405 0.07265 0.72599 0 -0.04155 29.99997 0.72280
-0.26344 -0.09048 0.70977 0 -26.56556 13.93811 0.68635
-0.04867 -0.18311 0.39038 0 -24.15353 -17.79345 0.38992
-0.42300 0.20090 0.72137 0 -12.96594 -27.05336 0.66439
6.76381 -0.22008 2.96286 0 27.10752 -12.85233 0.43345
-22.45405 -0.20785 5.59227 0 -24.26865 17.63612 0.24900
-5.17086 0.18080 1.77056 0 -12.48673 -27.27786 0.33623
-7.08340 -0.11569 2.20600 0 -19.23084 23.02552 0.30853
7.22798 0.04479 3.10447 0 22.58299 19.74864 0.42557
20.23669 0.15829 9.69300 0 -29.47205 -5.60341 0.47850
-4.44034 0.18310 2.53147 0 -15.56244 25.64781 0.55628
0.94287 0.16084 0.38576 0 12.53159 -27.25728 0.28075
11.36191 -0.09787 4.85138 0 -5.98156 29.39763 0.42546
9.83451 0.01122 3.79162 0 4.72376 -29.62577 0.38369
-0.03917 -0.08900 0.25227 0 13.85081 -26.61118 0.25208
0.26088 0.03161 1.02498 0 -27.01769 -13.04010 0.99179
1.35257 -0.07021 1.39601 0 16.55784 -25.01675 0.82996
-1.73701 0.00090 0.48836 0 27.88424 11.06658 0.24381
-0.62335 0.02499 0.44612 0 -1.36038 -29.96914 0.37863
-5.34862 0.20987 2.91852 0 20.80134 -21.61722 0.53648
18.16405 0.11897 10.71254 0 29.33916 6.26210 0.58896
-5.20846 0.10253 3.73983 0 -26.66220 -13.75235 0.70522
-4.99090 0.15714 1.63133 0 20.01675 -22.34568 0.32055
7.20914 -0.07611 3.70147 0 -5.45703 29.49951 0.50867
15.89809 0.06347 13.78279 0 25.80774 15.29578 0.86529
1.88111 0.12836 0.69179 0 -2.44433 -29.90026 0.32489
-8.83272 0.14948 2.27837 0 6.38874 -29.31184 0.25650
-2.51869 0.07303 2.52199 0 -28.97279 7.78316 0.93068
22.99260 0.07768 5.15900 0 29.87532 -2.73223 0.22438
20.16388 0.20796 11.57259 0 -2.04549 29.93019 0.57331
-2.29571 0.07216 3.95875 0 28.59863 -9.06191 1.58098
1.35001 -0.21151 0.62267 0 -25.72553 -15.43363 0.37072
8.42897 0.09771 2.45593 0 -24.02213 17.97046 0.28950
9.16412 -0.14473 8.17670 0 -16.19788 25.25131 0.88704
-3.08675 -0.05657 2.37137 0 -23.33434 18.85494 0.73093
0.17932 0.21286 0.59749 0 21.99982 20.39627 0.58811
3.41742 -0.14331 1.48653 0 -29.98895 0.81427 0.41756
-2.90593 0.05926 2.14363 0 -7.22693 29.11652 0.69755
-9.57990 0.20254 6.38439 0 -7.93185 -28.93244 0.66291
21.11544 -0.05277 14.15563 0 -10.88434 27.95588 0.66971
0.73491 0.11776 0.83226 0 -27.60670 -11.74181 0.67067
4.19661 0.23982 3.34547 0 17.86092 24.10369 0.77553
4.24181 0.08066 4.64730 0 -29.89982 -2.44964 1.06643
12.38832 0.12419 6.96273 0 14.68475 26.16024 0.56030
6.68565 -0.08340 3.37335 0 20.46636 -21.93463 0.49911
-1.29465 -0.05106 0.69367 0 -19.17336 -23.07341 0.42408
-12.75228 -0.01489 4.44251 0 -29.92506 2.11909 0.34744
0.03000 -0.06356 0.73282 0 29.93272 2.00810 0.73249
1.22898 0.20864 1.28050 0 -17.28123 -24.52263 0.80822
6.28679 0.22758 4.21660 0 29.62029 -4.75801 0.66245
1.29766 -0.23609 0.81799 0 -25.18950 -16.29384 0.49935
-1.70165 -0.20059 0.67370 0 28.65488 -8.88244 0.34142
16.91766 -0.07546 6.04658 0 -18.63493 23.51041 0.35693
1.35203 -0.11812 0.63708 0 -17.33694 24.48327 0.37892
-3.26406 -0.14541 0.63666 0 -5.48008 29.49523 0.18658
0.56224 0.11860 0.50424 0 -17.75429 -24.18233 0.36726
1.45005 0.13433 0.46010 0 17.46385 -24.39291 0.26133
1.75559 0.15189 0.80286 0 -8.88344 28.65457 0.39746
1.31777 0.12554 0.49168 0 -9.08987 -28.58976 0.29733
1.05952 -0.00222 1.72649 0 29.32995 6.30506 1.18506
-1.18132 -0.16905 0.36973 0 -29.96734 -1.39946 0.23900
1.36139 0.01769 0.89081 0 -25.39729 -15.96802 0.52741
1.15040 -0.18972 0.80641 0 26.84396 -13.39410 0.52908
20.52496 -0.16898 12.35350 0 -25.30482 16.11415 0.60124
-0.24948 -0.24561 0.51770 0 5.74664 29.44446 0.50231
-11.53928 -0.09229 5.76406 0 29.11835 -7.21951 0.49775
-5.26629 0.18887 3.69967 0 -7.03623 -29.16319 0.69027
-4.42384 -0.08984 2.42859 0 4.61287 29.64324 0.53557
-0.98303 0.13594 0.62738 0 19.21253 23.04080 0.44745
1.74643 -0.11223 0.91583 0 -28.79029 8.43323 0.45515
-8.53025 -0.11418 6.15281 0 13.24413 26.91827 0.71645
0.37906 -0.06782 0.67406 0 -20.40436 21.99232 0.63030
8.19901 0.02123 3.39459 0 -27.88771 -11.05783 0.41109
0.58325 0.09718 0.54588 0 8.39444 28.80162 0.47155
-2.62956 -0.10502 1.33036 0 -19.11447 23.12222 0.47295
-7.21550 -0.15141 2.55598 0 -20.63481 -21.77624 0.35102
0.98316 0.08841 1.17636 0 -20.27102 -22.11528 0.83887
0.30129 -0.15465 1.26912 0 -6.14429 -29.36405 1.21517
-27.22127 0.22484 13.21739 0 -19.14538 23.09664 0.48533
-8.50039 -0.16087 5.60847 0 20.99377 -21.43039 0.65534
-6.09296 -0.19449 6.79874 0 -10.93286 27.93694 1.10115
-3.01497 -0.25845 2.05041 0 -4.33618 -29.68497 0.64555
1.38111 -0.02655 0.90611 0 2.02249 29.93175 0.53146
0.57010 -0.23914 0.31462 0 -18.36301 -23.72340 0.27336
0.71279 0.06067 0.66082 0 -9.93452 28.30734 0.53815
2.11143 0.24170 0.74725 0 -27.96032 10.87292 0.31996
-0.19660 -0.00739 0.42714 0 -16.34009 -25.15952 0.41912
18.08054 0.16266 4.33781 0 12.72192 27.16897 0.23975
1.35242 -0.23730 0.83879 0 23.33965 -18.84836 0.49874
-0.98337 0.24894 0.26829 0 1.08486 -29.98038 0.19140
-0.24729 -0.08105 0.91037 0 -14.36199 -26.33882 0.88375
-6.72232 0.24763 1.96652 0 -27.80063 11.27498 0.28952
6.90770 -0.13953 1.99560 0 13.08250 -26.99719 0.28608
-8.98469 0.00650 3.48287 0 -21.63300 -20.78493 0.38539
-0.39090 -0.06153 0.72452 0 0.20081 29.99933 0.67480
-12.29882 -0.02584 3.59827 0 8.67731 28.71766 0.29177
-18.83205 0.00398 16.44547 0 -29.39315 6.00355 0.87210
16.32033 0.18582 9.78664 0 0.51422 -29.99559 0.59862
2.86532 -0.10825 2.37727 0 -28.00823 -10.74891 0.78341
-15.05079 0.15734 8.38271 0 29.22142 6.79032 0.55582
2.34123 -0.15637 1.08697 0 -29.06848 -7.41780 0.42705
7.94778 -0.21092 5.92440 0 27.96437 -10.86250 0.73965
1.60970 0.00110 0.88054 0 -1.57110 29.95883 0.46472
-3.93620 -0.18307 0.91187 0 29.99172 -0.70490 0.22459
-8.93130 0.01423 2.83379 0 -16.88761 24.79533 0.31547
0.54669 0.16124 0.60156 0 -10.45177 28.12046 0.52786
4.41905 -0.12240 1.36260 0 29.93958 1.90306 0.30087
-7.82265 -0.08253 2.97815 0 -22.82313 -19.47062 0.37776
-20.95346 -0.14742 5.41243 0 -19.33404 22.93894 0.25820
-1.46270 0.19094 0.87213 0 26.96280 -13.15323 0.49228
1.62281 -0.07963 0.62226 0 -26.55774 -13.95302 0.32654
-8.18136 0.02155 2.24054 0 -15.26659 -25.82501 0.27201
-0.80832 -0.20691 0.64171 0 5.22673 -29.54118 0.49909
0.07518 -0.22598 0.31692 0 19.24758 -23.01154 0.31603
-0.41105 -0.14264 0.60058 0 -17.44256 24.40813 0.55549
0.40746 -0.15693 0.32414 0 -29.41908 -5.87520 0.30021
0.25873 0.03859 0.38053 0 -10.40658 28.13722 0.36841
0.20711 0.06364 0.68760 0 -23.65950 -18.44528 0.67331
1.17728 0.01224 1.58989 0 27.80901 11.25428 1.02931
-2.33349 -0.07648 1.27962 0 24.24851 17.66380 0.50410
0.30344 0.19943 0.35601 0 -29.93994 -1.89743 0.34068
6.63237 0.18759 3.09317 0 6.93047 -29.18850 0.46127
-1.79534 -0.00189 1.54378 0 -29.74547 3.89962 0.75127
-6.62410 0.13307 2.69656 0 3.44547 29.80149 0.40264
15.77439 -0.03933 7.51322 0 -26.56632 13.93666 0.47544
3.09182 0.04897 3.91236 0 3.50646 -29.79437 1.20401
-5.48204 0.12817 2.05975 0 19.71009 22.61664 0.36972
1.27352 -0.24821 0.76289 0 25.92810 -15.09084 0.47120
-1.87091 0.11801 1.95133 0 -28.59649 -9.06868 0.91988
-12.97266 -0.17162 3.73467 0 26.45062 -14.15502 0.28720
0.28325 -0.05747 0.23150 0 -26.92790 -13.22454 0.22275
-0.40409 0.09630 0.42918 0 4.50207 29.66027 0.39794
-20.85665 -0.04454 10.24375 0 -10.35242 -28.15719 0.49069
-10.47409 -0.00044 5.36321 0 -7.40856 -29.07083 0.50982
-2.85401 0.09170 2.06398 0 11.41848 -27.74199 0.68259
-0.42003 0.17154 0.65220 0 16.49422 25.05875 0.60132
2.08652 -0.20922 0.60597 0 3.53618 29.79086 0.26207
5.07251 -0.23731 2.97975 0 -27.83128 -11.19911 0.57640
-2.27046 0.21500 0.58709 0 13.43792 -26.82205 0.23679
-6.28892 -0.12778 1.99847 0 13.42920 -26.82642 0.31398
1.32731 -0.15349 0.62926 0 7.38733 -29.07623 0.37874
-14.05614 0.04964 4.78698 0 -4.48013 29.66359 0.33985
-5.77333 -0.13120 2.29844 0 29.92086 -2.17759 0.39249
1.07195 -0.20843 0.93452 0 -25.51299 -15.78251 0.63752
2.38677 0.11782 1.08292 0 28.20743 10.21474 0.41852
8.67014 0.23315 4.97403 0 29.62034 -4.75767 0.57000
12.02083 -0.08951 3.15078 0 -29.74362 3.91368 0.26139
-10.03974 0.25384 2.76078 0 -19.89718 -22.45222 0.27381
18.61729 -0.02572 7.14424 0 29.84718 3.02418 0.38332
4.53097 0.22551 1.94084 0 -29.88923 2.57571 0.41844
0.15051 -0.12740 1.72059 0 6.93314 29.18787 1.70143
-8.80736 0.17658 2.27850 0 9.33148 -28.51181 0.25724
2.03290 -0.21988 1.17266 0 -29.68490 4.33669 0.51770
-0.36114 -0.14621 0.77609 0 -27.31272 12.41029 0.72996
-1.10276 -0.26105 1.20218 0 -18.95031 23.25695 0.80761
-1.35760 0.16579 0.96280 0 11.01019 27.90655 0.57106
12.37542 0.12254 8.79979 0 29.13835 7.13838 0.70883
18.56561 -0.16869 10.94979 0 -13.64355 26.71804 0.58902
-2.43019 -0.07998 0.96535 0 28.45906 9.49116 0.36748
3.87168 -0.15334 0.97293 0 -29.32607 -6.32308 0.24347
17.18479 0.14812 4.83151 0 8.83809 28.66859 0.20025
4.16418 0.07193 2.81896 0 29.62019 -4.75862 0.65832
9.12454 0.17907 4.37258 0 29.99981 -0.10610 0.47646
-0.33535 -0.20715 1.21351 0 8.31723 28.82401 1.15055
-14.12169 -0.15044 4.90101 0 -25.30741 16.11010 0.34633
-0.95896 0.03025 0.46649 0 29.34673 -6.22651 0.33677
-3.01507 0.17121 0.68504 0 18.46097 -23.64726 0.21582
-4.11777 0.18307 1.04638 0 -29.58316 4.98361 0.24712
8.69685 0.23166 5.57310 0 22.93562 19.33798 0.63670
2.92377 -0.18967 1.05175 0 13.18474 26.94741 0.34052
-1.39140 0.05485 0.41065 0 16.35101 25.15242 0.23977
22.18287 0.07456 9.82088 0 23.21328 -19.00377 0.44238
1.82261 -0.21081 0.70508 0 29.07693 -7.38458 0.33924
-5.37254 0.16803 3.64173 0 -23.09228 19.15063 0.66646
-11.11044 0.10424 2.38714 0 -14.91063 -26.03216 0.21422
2.40538 -0.19600 0.68620 0 -28.42489 9.59301 0.26357
-0.82362 0.10033 1.08368 0 -1.01202 29.98293 0.83651
-0.51217 -0.22359 0.68429 0 17.78978 -24.15624 0.60907
9.21804 0.00558 2.44807 0 17.55807 24.32518 0.26421
-23.75746 0.10858 13.50508 0 1.95707 -29.93610 0.56804
0.56033 -0.15147 0.23710 0 3.61038 29.78196 0.20688
-6.03860 -0.01454 2.51210 0 -22.26679 20.10448 0.41051
-2.94648 -0.02468 1.03665 0 21.70887 -20.70567 0.33333
-7.96952 -0.07934 2.89583 0 -25.12176 16.39809 0.36067
-1.28054 -0.04491 0.82068 0 -10.11175 -28.24451 0.50516
-19.64991 -0.13936 5.39737 0 -6.97040 29.17899 0.27450
-0.39149 0.23666 0.29226 0 -21.64881 20.76846 0.27218
-0.15357 0.24351 0.47239 0 -24.98869 16.60017 0.46692
0.36071 -0.25495 0.33754 0 -5.40837 -29.50846 0.31753
-3.16841 0.00789 1.20455 0 21.58351 -20.83632 0.36267
-0.40007 -0.20818 0.28773 0 10.25040 -28.19449 0.26717
14.44745 -0.21707 6.88753 0 4.47887 -29.66378 0.47356
20.28950 0.12114 18.55148 0 9.61614 -28.41707 0.91328
-1.60558 0.00370 1.19320 0 -2.24732 29.91571 0.63086
-0.43229 0.22821 0.46845 0 27.11780 -12.83062 0.43000
7.61401 -0.05885 6.44918 0 -29.29329 6.47327 0.83986
-3.83298 -0.04674 1.31316 0 11.41276 27.74435 0.33161
-6.48812 -0.14082 4.01538 0 -29.99928 0.20780 0.61174
25.80249 -0.02463 12.42533 0 -2.05314 -29.92966 0.48130
0.45769 -0.26118 1.49410 0 28.93339 -7.92836 1.35857
0.78749 0.19973 1.25234 0 -12.45809 27.29095 0.98391
-0.63895 -0.22729 0.36638 0 11.44953 -27.72920 0.30878
1.00883 -0.02767 0.65218 0 24.82304 16.84686 0.45919
9.08479 -0.04737 3.96200 0 25.42683 15.92094 0.43361
-0.43385 -0.22771 0.55639 0 -13.77522 -26.65039 0.51044
0.06446 -0.22660 0.64498 0 23.00387 -19.25674 0.64365
-1.24202 -0.01965 0.48917 0 25.42381 15.92577 0.30690
2.01847 0.07879 0.75304 0 26.91416 -13.25247 0.33444
17.60192 -0.21722 4.42524 0 -3.51864 29.79294 0.25120
15.47919 -0.20670 6.00713 0 -8.06341 -28.89605 0.38740
-0.72733 -0.17323 0.31265 0 -2.42018 -29.90222 0.25292
-6.95951 0.07112 2.04647 0 -23.92477 -18.09987 0.29123
-26.74758 -0.09051 7.72450 0 10.71902 28.01968 0.28876
9.48340 -0.04639 4.32968 0 2.69407 29.87879 0.45414
-0.47008 0.11045 0.59365 0 25.31671 16.09547 0.53726
20.07307 0.16066 22.70096 0 25.57073 15.68878 1.12956
-5.89916 0.20347 2.03454 0 5.24642 -29.53769 0.34016
-3.15572 0.06087 0.88305 0 -27.98786 -10.80183 0.26686
-1.56243 0.19970 0.53659 0 29.13278 7.16109 0.29173
18.92595 0.22385 5.25287 0 29.75726 3.80864 0.37710
0.23968 -0.17966 0.60441 0 -23.42178 18.74620 0.58777
-0.63062 -0.23795 0.63933 0 -27.71980 -11.47224 0.52958
