-3.20071 -0.05591 0.96233 0 29.87416 -2.74498 0.28707
-0.05779 0.23359 0.52433 0 28.01407 10.73367 0.52346
-1.06219 0.14603 0.35890 0 26.12946 14.73944 0.24612
0.91284 -0.08531 2.47156 0 26.16970 14.66789 1.82541
6.43555 -0.25974 2.68401 0 -11.50631 -27.70568 0.41223
-0.50859 -0.06764 0.68877 0 23.71388 18.37531 0.61395
-5.88884 -0.23938 7.13056 0 -10.01764 28.27803 1.19381
-16.61586 0.21179 8.65365 0 9.20887 28.55165 0.51996
-10.14879 0.23919 5.33429 0 21.91399 20.48846 0.52317
-4.69808 -0.03338 6.93961 0 -0.97358 29.98420 1.44478
-0.84303 -0.01922 0.84238 0 13.93042 -26.56960 0.64409
0.19651 -0.02303 0.68542 0 9.21842 -28.54857 0.67256
14.10888 0.12027 7.62955 0 18.61052 -23.52974 0.53950
19.49703 -0.03727 9.63673 0 -29.65783 4.51807 0.49372
21.23002 0.21549 17.53477 0 -26.42080 14.21061 0.82509
-1.54640 0.10157 0.52676 0 18.73504 23.43071 0.28614
0.54026 -0.21204 0.33084 0 -16.17865 -25.26364 0.29111
0.96358 0.13827 0.58611 0 -25.26893 -16.17038 0.42212
-21.78897 -0.02303 6.75541 0 9.89335 28.32175 0.29163
-19.40094 0.11225 1.91569 0 2.96147 29.85347 0.20766
3.06288 -0.05579 4.02328 0 -16.82322 24.83907 1.24875
-6.05484 -0.11862 1.18988 0 24.36259 -17.50611 0.20228
-4.23537 -0.05774 4.00167 0 28.50815 9.34268 0.97805
27.09699 0.02889 7.55297 0 10.12749 28.23887 0.28429
4.06111 -0.25559 1.50147 0 -29.73365 3.98875 0.35909
2.92913 0.09014 5.91250 0 2.05555 29.92949 1.91030
-1.16285 0.13661 1.00971 0 29.86046 2.89017 0.65841
-6.72961 -0.05333 1.98200 0 -2.86562 29.86282 0.29148
-0.06069 -0.17465 0.52318 0 -18.63842 23.50764 0.52222
-0.32075 0.22482 0.32208 0 -8.62202 -28.73431 0.30670
4.15319 0.08086 4.01916 0 -26.68859 -13.70107 0.94096
-6.36798 -0.15944 1.72003 0 25.27845 16.15549 0.26892
15.84959 -0.05583 15.00928 0 -1.48137 -29.96340 0.94515
-22.47527 -0.05075 10.30676 0 29.65231 -4.55416 0.45824
-2.78790 0.15703 1.96476 0 -28.40013 -9.66607 0.66344
0.50539 0.03097 0.37447 0 18.61763 -23.52411 0.33424
-15.61094 0.19637 7.65801 0 3.77575 29.76145 0.48965
12.55389 0.08349 4.81560 0 -27.90409 -11.01644 0.38251
0.71045 -0.00803 0.61982 0 22.43430 -19.91739 0.50532
0.59924 -0.24319 0.43797 0 22.42316 19.92993 0.37571
6.29274 0.17858 3.21890 0 5.78477 -29.43699 0.50528
0.46464 -0.24515 0.90243 0 26.00052 14.96572 0.81842
20.66188 -0.15671 31.30355 0 -21.19086 -21.23552 1.51330
-14.68486 0.06104 16.71214 0 23.91229 -18.11636 1.13547
-13.41949 -0.23679 7.35352 0 29.94308 1.84706 0.54655
1.98551 0.14531 1.28012 0 -29.20398 6.86495 0.57589
1.48137 0.11811 2.40941 0 14.55291 26.23381 1.34811
0.59954 0.03238 1.76461 0 13.92203 26.57399 1.51345
-4.42285 -0.06870 2.00411 0 -28.01679 -10.72657 0.44104
0.05338 0.17657 0.54462 0 13.98743 -26.53963 0.54384
9.50386 -0.14747 7.90457 0 -28.38652 -9.70595 0.82721
0.78978 0.01719 0.92185 0 25.59374 15.65121 0.72346
-0.69916 -0.03356 1.31238 0 -13.29479 -26.89328 1.07558
0.26499 -0.08433 0.67320 0 -28.60834 -9.03122 0.65075
0.56555 0.25602 0.45593 0 28.93280 -7.93051 0.39689
-19.60855 -0.25168 13.82888 0 6.37932 -29.31389 0.70440
2.66489 0.17951 0.48174 0 3.96400 -29.73696 0.16937
11.84712 0.24463 4.22770 0 -4.22282 -29.70131 0.35573
4.96142 0.21672 4.52651 0 9.59429 -28.42445 0.89447
0.17251 -0.11298 1.09072 0 -25.31905 16.09179 1.07485
-8.01634 0.08183 4.05531 0 -11.64923 -27.64590 0.50209
-1.11169 -0.07296 0.30056 0 23.71980 18.36766 0.20112
-11.95481 0.04679 3.09691 0 29.57685 5.02095 0.25834
14.17667 0.09475 12.86408 0 -29.99163 -0.70857 0.90522
-0.41968 0.14079 0.47172 0 -1.26552 29.97330 0.43825
1.94384 -0.18106 0.91501 0 -26.56932 13.93094 0.41868
2.72767 -0.00944 1.30227 0 -26.82511 -13.43182 0.44833
-0.51621 -0.08217 0.35073 0 29.98002 1.09459 0.31169
-2.95320 0.03131 3.60560 0 3.35210 29.81214 1.15646
-1.81677 -0.23807 1.51354 0 26.84925 13.38348 0.72988
15.06741 -0.22062 12.57701 0 -10.79287 27.99132 0.83294
-22.10928 -0.08242 4.34207 0 -25.55166 -15.71982 0.28971
-1.58651 -0.00693 0.89652 0 25.90086 15.13756 0.50085
0.24793 -0.12309 0.81713 0 -26.71920 -13.64128 0.79312
2.26120 0.15802 1.09421 0 29.21743 6.80746 0.44270
25.91334 -0.10951 15.79804 0 -19.60730 22.70581 0.60928
2.00339 -0.19207 0.84222 0 -2.08224 -29.92765 0.37623
-21.91332 0.24783 13.57163 0 -2.13107 -29.92421 0.61877
15.34189 0.06795 4.21599 0 22.93622 -19.33727 0.27440
-15.31383 0.13536 6.85133 0 -28.98419 -7.74060 0.44655
-26.89649 0.25641 13.41061 0 -2.95761 -29.85385 0.49835
11.50529 0.20165 2.71109 0 4.49232 29.66174 0.23496
-22.39854 0.26029 5.81823 0 -27.23416 -12.58175 0.25969
7.56674 0.14776 3.90070 0 -8.62593 -28.73314 0.51116
-0.27634 0.13470 0.32909 0 -12.48499 27.27866 0.31721
-2.08125 0.25646 0.87478 0 25.11678 16.40571 0.37897
9.69500 0.14205 5.45884 0 -25.81711 15.27995 0.56017
5.79567 -0.17535 2.20272 0 22.82715 19.46590 0.37466
1.51308 0.10116 0.52514 0 23.77333 -18.29832 0.28964
2.65149 0.23784 1.03419 0 13.49326 -26.79425 0.36501
-1.57846 0.06640 0.45715 0 -17.05834 -24.67819 0.24481
0.31861 -0.14188 0.81890 0 19.47739 22.81735 0.78027
4.25466 -0.04087 1.66131 0 23.55588 18.57742 0.38018
15.69909 0.01858 12.45366 0 29.55774 -5.13225 0.79173
0.52074 0.17072 0.64373 0 28.37393 -9.74270 0.57097
-0.29738 -0.24624 0.44979 0 -10.36318 -28.15323 0.44947
3.19321 0.21097 1.88648 0 19.89116 -22.45756 0.56385
0.47253 -0.02070 0.85125 0 -4.00972 29.73083 0.76966
-0.38652 -0.25365 0.62110 0 -6.42962 -29.30290 0.57934
-4.95502 0.23690 2.97555 0 6.83417 29.21120 0.58873
0.10885 -0.22053 0.86244 0 21.87688 20.52808 0.85737
0.38873 0.25957 1.24366 0 28.74276 -8.59383 1.15917
4.95057 -0.19276 3.60150 0 29.96910 1.36130 0.71317
-20.47197 -0.14619 18.84025 0 -27.07844 -12.91348 0.91925
0.93856 0.12856 0.48266 0 -29.55947 5.12226 0.35776
-23.11258 -0.18840 7.81275 0 22.88493 -19.39793 0.33786
-13.58013 -0.11534 5.12525 0 -1.56218 29.95930 0.37652
-7.10364 -0.17392 1.72892 0 1.16130 29.97751 0.24121
-3.82335 -0.15758 3.25123 0 -29.36270 6.15077 0.73325
-17.00222 0.25037 12.46677 0 10.40715 28.13701 0.73205
4.64448 -0.07826 1.57332 0 26.99099 13.09528 0.33123
-8.28425 0.20506 1.98137 0 27.07782 12.91479 0.23765
-1.92617 -0.19698 1.76514 0 24.12506 17.83203 0.81339
25.75307 0.05731 10.07319 0 28.96356 7.81744 0.39098
0.96727 -0.17495 1.61869 0 -6.18763 -29.35495 1.16349
-0.61445 -0.09495 0.58050 0 1.51373 29.96179 0.49462
-21.13804 -0.18997 10.04725 0 -22.17628 -20.20428 0.47489
-8.83799 0.01125 4.84938 0 28.68450 -8.78631 0.54531
8.20456 -0.15699 2.60925 0 2.20996 -29.91849 0.31584
15.48408 0.14371 10.54883 0 2.75138 -29.87357 0.67992
14.32851 0.13012 6.33975 0 29.60908 4.82725 0.44149
1.47393 -0.25973 1.13839 0 -29.69651 4.25643 0.63918
26.28833 -0.03218 10.35210 0 -24.65843 -17.08689 0.39363
-22.56249 0.23621 9.42855 0 -26.70135 13.67618 0.41759
-16.08574 -0.08602 19.34646 0 23.05912 -19.19055 1.20043
-1.15316 0.18746 0.52124 0 -27.82730 11.20898 0.34156
-3.93306 -0.13810 1.52881 0 14.83881 -26.07316 0.37698
-1.26345 -0.00185 0.68317 0 24.33258 17.54780 0.42406
18.17713 0.26064 21.43240 0 -13.55704 -26.76204 1.17735
0.66525 0.06684 0.67456 0 -12.02879 -27.48287 0.56166
3.39108 -0.15440 0.79066 0 -2.61734 -29.88561 0.22383
2.85753 0.08757 1.32769 0 17.52872 24.34633 0.43861
0.81167 0.18941 1.04938 0 17.55177 24.32972 0.81480
-3.03764 -0.21557 2.66159 0 26.21253 -14.59120 0.83230
21.88978 0.03862 12.87106 0 -27.64676 -11.64717 0.58746
1.24505 -0.20958 0.68463 0 26.45125 14.15385 0.42878
-2.29016 -0.03631 1.10831 0 5.28740 -29.53038 0.44356
0.34710 0.01795 0.36130 0 -13.50424 -26.78872 0.34587
-4.36948 -0.01088 0.88452 0 7.59912 -29.02160 0.19339
-25.05611 0.22617 24.07141 0 -29.37856 6.07455 0.95999
26.71087 -0.04299 16.55516 0 -18.14877 -23.88770 0.61944
1.25461 0.16015 1.03378 0 -20.27629 -22.11045 0.64439
-17.47787 0.16033 9.81791 0 -29.46091 5.66171 0.56090
-18.18679 -0.11434 26.94053 0 -21.35058 21.07493 1.47913
25.01937 0.12785 6.68441 0 15.44149 25.72082 0.26714
-22.21713 0.04052 13.63646 0 -1.71362 -29.95102 0.61324
-2.03058 -0.24197 1.52017 0 -26.93002 -13.22021 0.67167
0.30310 0.24588 0.50031 0 24.33839 -17.53974 0.47881
-4.27877 0.24240 2.12726 0 -6.29717 29.33165 0.48420
-0.19461 0.22757 0.48068 0 -18.07311 23.94499 0.47183
-4.61422 -0.22852 3.16089 0 28.72779 8.64373 0.66955
2.86622 0.11772 1.59896 0 4.71413 29.62730 0.52675
4.88247 0.25059 1.21735 0 -26.72606 -13.62784 0.24453
-15.64679 -0.11448 8.37289 0 -8.78756 28.68412 0.53412
-0.26903 -0.24545 0.32310 0 29.81049 3.36673 0.31202
-4.18568 -0.03819 0.97917 0 -0.78547 29.98972 0.23720
14.37820 -0.09395 5.66092 0 -21.52277 20.89905 0.38052
6.04781 0.08887 4.68690 0 -24.54828 17.24476 0.76462
-5.15861 0.07309 1.34845 0 -25.55717 -15.71085 0.25681
-1.92884 -0.16562 0.75960 0 21.94326 20.45710 0.34977
-0.73582 -0.08257 0.41877 0 23.42406 -18.74336 0.33737
-0.54422 0.25371 0.76249 0 -12.14920 27.42986 0.66975
0.63599 0.12094 0.88433 0 27.28309 -12.47530 0.74622
1.22913 0.21578 0.57684 0 10.35037 -28.15795 0.36413
-0.38468 0.12933 0.22334 0 -2.54141 -29.89216 0.20847
0.99524 -0.18848 1.41950 0 4.49150 -29.66187 1.00616
0.52086 -0.01763 0.98495 0 19.53711 -22.76623 0.87357
22.27037 -0.25829 11.04970 0 3.25780 -29.82259 0.49576
6.39162 -0.12444 6.49452 0 -6.93254 -29.18801 1.00393
-3.98246 0.10106 3.39390 0 29.72789 -4.03142 0.82660
-24.59042 -0.00835 14.71479 0 -18.73719 -23.42899 0.59798
2.86732 -0.22449 0.50099 0 0.11246 29.99979 0.16511
7.00223 0.20058 2.20741 0 -11.19183 27.83420 0.31223
5.57751 -0.20362 1.89977 0 -11.26762 -27.80361 0.33536
-23.89331 -0.21149 23.18414 0 10.73398 28.01396 0.96952
-12.85217 0.12506 6.62161 0 21.05927 -21.36603 0.51375
-15.56354 -0.02236 6.37058 0 3.12178 29.83713 0.40860
-3.42045 0.24981 0.70172 0 -22.25552 -20.11695 0.19706
-2.75035 -0.23518 0.99013 0 -19.03256 23.18969 0.33843
-19.91490 0.18611 18.83593 0 -24.30634 17.58413 0.94469
-9.88182 -0.19268 5.04406 0 27.59833 -11.76147 0.50794
0.41630 -0.09341 0.47922 0 29.99863 0.28647 0.44244
1.85642 -0.01571 1.06733 0 -8.97547 28.62588 0.50623
15.92148 0.21027 6.58255 0 1.90707 29.93932 0.41274
1.55074 -0.05925 1.47579 0 27.75610 -11.38414 0.79985
-1.07065 -0.08958 0.57900 0 27.94502 -10.91219 0.39527
6.08687 -0.23034 3.45705 0 -21.32738 -21.09841 0.56052
1.89000 -0.13555 0.92340 0 28.48590 -9.41028 0.43193
0.03920 -0.05074 0.50345 0 -1.60371 29.95710 0.50306
-1.75132 -0.23561 0.62574 0 -9.54805 28.44002 0.31039
-5.99370 0.13237 2.28980 0 20.68560 21.72800 0.37697
5.11839 -0.02773 2.06163 0 -20.09664 22.27387 0.39538
2.93056 -0.22668 2.28894 0 -9.04666 28.60346 0.73924
3.66856 0.24842 1.37750 0 10.49134 -28.10573 0.36234
2.43845 0.06403 0.50059 0 12.89223 -27.08857 0.19003
2.69164 0.20928 0.61993 0 26.58585 13.89938 0.21603
4.06801 0.15444 2.13818 0 -3.15495 -29.83364 0.51051
-1.72567 0.14155 0.53485 0 -14.36011 26.33984 0.26830
-0.76916 0.24081 1.33404 0 23.39493 -18.77970 1.05747
3.19836 -0.09546 3.14248 0 20.72870 21.68688 0.93789
-13.69451 0.18819 10.94922 0 -4.44492 29.66888 0.79747
-0.65784 0.02285 0.71281 0 -27.77111 -11.34749 0.59554
-0.10696 -0.24496 0.57602 0 28.38255 -9.71757 0.57275
-1.19971 0.20768 0.60608 0 29.38145 6.06057 0.38812
-24.35727 0.25425 32.66562 0 2.19188 -29.91982 1.34002
3.72282 0.25554 0.93408 0 29.56615 5.08360 0.24241
-10.43527 -0.09157 2.44551 0 26.44238 14.17040 0.23349
9.93887 0.09829 10.59445 0 12.29826 -27.36335 1.06065
11.31060 0.11626 18.30054 0 -9.56301 -28.43499 1.61174
-0.12751 0.23735 1.70913 0 22.55706 19.77825 1.69541
-0.48991 0.23762 2.33851 0 23.93916 -18.08084 2.10005
-0.24523 -0.00388 1.47645 0 28.04284 10.65828 1.43397
-1.12181 -0.25368 0.92375 0 -7.94253 28.92950 0.61473
27.02917 -0.15536 9.62780 0 17.47068 -24.38802 0.35609
1.59788 -0.06326 1.18124 0 17.61570 -24.28347 0.62672
16.37688 -0.06804 11.25386 0 -27.96426 -10.86279 0.68597
17.06891 -0.18767 4.22153 0 -19.62638 -22.68932 0.24710
0.91410 0.06495 0.64761 0 -1.42438 29.96617 0.47803
-4.02236 0.11399 1.20002 0 5.39910 -29.51016 0.28958
0.38575 -0.09866 0.38017 0 14.63559 26.18778 0.35471
3.33985 -0.22149 3.14946 0 -19.31046 -22.95879 0.90342
17.61756 -0.07349 9.66106 0 -29.99927 -0.20924 0.54758
-2.14011 0.17441 1.92739 0 2.85947 29.86341 0.81600
-2.23913 0.14400 1.19804 0 -29.97592 -1.20171 0.48862
0.74939 0.16044 1.74941 0 -11.46703 27.72196 1.39759
-0.13348 0.15890 0.71737 0 -6.83839 29.21021 0.71106
4.24699 0.15876 2.26600 0 -7.29418 29.09974 0.51940
0.97037 -0.01489 0.55160 0 1.07891 29.98059 0.39591
6.80468 0.11787 1.75931 0 10.78645 27.99379 0.25598
-25.34270 0.17213 14.24050 0 -5.86769 29.42057 0.56157
-5.33638 0.17919 5.06288 0 -6.83900 29.21007 0.93258
-1.72375 0.19370 1.28707 0 -10.57914 -28.07280 0.64591
-0.37369 -0.23657 0.80101 0 -2.40965 -29.90307 0.75034
-3.91823 0.13556 2.86644 0 -2.43957 -29.90064 0.70888
-0.34393 -0.17398 0.79096 0 29.98665 -0.89484 0.74797
-0.00156 0.16075 0.84607 0 -27.76687 11.35786 0.84607
-5.74678 0.25423 7.35918 0 24.27016 17.63404 1.26170
-22.80636 -0.12333 6.21903 0 -19.96075 22.39572 0.27261
-0.81254 0.09378 1.03286 0 4.15085 29.71145 0.80162
-4.98382 0.09052 3.06946 0 25.27231 -16.16510 0.60407
-17.14273 0.23781 16.61110 0 -29.14977 -7.09161 0.96739
0.77362 -0.14402 0.36793 0 24.97963 -16.61380 0.29110
2.18976 0.01147 2.94159 0 21.92778 20.47371 1.22200
-6.77266 0.09457 1.70302 0 -10.78257 -27.99529 0.24895
-5.39647 0.04318 2.61579 0 -22.15827 20.22402 0.47672
-10.49604 -0.04894 12.70944 0 -27.14135 -12.78074 1.20546
0.72304 -0.14954 0.35848 0 -12.98557 -27.04395 0.29055
0.19266 -0.00610 0.78239 0 -1.38682 29.96793 0.76827
9.54602 -0.20734 2.49615 0 -9.99498 28.28605 0.26025
-14.47222 -0.24607 3.43705 0 23.94907 18.06770 0.23713
-15.62560 0.15042 8.19061 0 -26.19074 -14.63027 0.52320
12.03609 0.02500 6.74504 0 -6.22795 29.34642 0.55856
18.05895 -0.12342 6.37790 0 25.29366 16.13166 0.35277
1.43028 0.21459 1.07780 0 10.26863 28.18786 0.61763
2.69468 0.00713 1.18565 0 -29.38072 6.06411 0.41259
-6.83211 -0.02402 4.54338 0 0.97086 29.98429 0.65807
-7.63126 -0.21586 6.78265 0 -13.48017 26.80084 0.88132
8.66526 -0.06383 5.22487 0 29.99946 -0.18045 0.59907
0.23502 -0.03341 0.72955 0 28.86550 -8.17209 0.71021
6.36175 -0.03802 5.26361 0 23.58416 18.54151 0.81741
3.30072 -0.09748 1.04414 0 15.96748 -25.39763 0.30281
8.11259 0.07530 1.92949 0 -9.05234 -28.60166 0.23626
23.24589 -0.09444 19.44328 0 24.04163 -17.94435 0.83570
13.72027 0.09733 5.44483 0 -20.07862 -22.29011 0.39592
-27.07890 -0.12493 8.38665 0 -12.08978 -27.45609 0.30966
-2.55893 0.23709 1.95458 0 0.43536 -29.99684 0.71148
-16.31359 0.11601 7.10321 0 -26.54015 13.98645 0.43471
-26.50888 0.21765 18.78996 0 -28.59352 9.07804 0.70838
-0.65409 0.19602 1.54405 0 -28.94889 7.87157 1.29219
-0.32872 -0.23961 0.70278 0 -4.64231 -29.63864 0.66764
0.11705 0.23827 0.57710 0 -5.06596 29.56917 0.57318
-3.90421 0.03199 2.25734 0 -17.22817 -24.55993 0.56018
-1.95385 0.08969 4.34310 0 23.29878 18.89885 1.97875
-0.55189 -0.18265 1.53855 0 8.99370 28.62016 1.34703
-14.35304 0.15285 3.65193 0 29.88853 2.58380 0.25401
-5.25046 -0.08725 1.91631 0 28.17052 -10.31611 0.35876
15.02880 0.00887 23.43629 0 -6.73675 29.23382 1.55602
2.32960 -0.04262 3.56675 0 -0.48443 -29.99609 1.40695
0.74240 -0.08007 0.61837 0 12.42822 27.30457 0.49653
13.74785 0.07357 8.41000 0 -21.24341 21.18295 0.61020
2.07238 0.06456 0.67355 0 17.31495 -24.49883 0.29287
-3.12167 0.10417 1.11379 0 -28.44024 -9.54739 0.33989
-19.74953 0.11361 8.58055 0 -5.55968 29.48033 0.43403
-23.85397 -0.05121 14.38308 0 29.96922 1.35861 0.60252
0.44727 -0.08882 0.65989 0 -5.91765 -29.41057 0.60240
-7.55106 -0.03221 11.57461 0 -29.93459 -1.98005 1.51961
-1.03594 -0.11420 1.55671 0 -29.75520 3.82467 1.08119
0.23094 -0.02520 1.82204 0 -24.56731 17.21765 1.77531
2.02951 -0.11856 1.54940 0 29.94979 1.73491 0.68490
2.94773 -0.04079 1.50565 0 29.54725 -5.19231 0.48378
-0.67635 -0.02918 0.81234 0 29.49932 5.45802 0.67291
0.66770 -0.18303 0.42334 0 -29.98650 0.89988 0.35211
-2.18324 -0.09262 0.85910 0 -19.55682 -22.74931 0.35782
10.20211 0.22890 2.50670 0 -9.75526 28.36961 0.24473
-1.53619 0.11171 1.05139 0 29.97355 -1.25949 0.57365
-11.89839 0.09652 4.17421 0 5.26422 -29.53452 0.34973
9.09567 -0.15823 3.92597 0 7.84835 28.95520 0.42916
-7.04084 0.06274 3.78393 0 -10.47244 -28.11277 0.53218
6.92603 -0.17999 7.04473 0 -28.54390 9.23286 1.00675
-3.63580 0.11533 1.46294 0 -4.33852 -29.68463 0.38802
-11.90598 0.15461 14.05909 0 -23.73641 18.34620 1.17674
19.30769 -0.03561 7.05730 0 28.03113 10.68906 0.36516
24.10782 -0.03442 5.21952 0 25.62927 15.59297 0.21655
-0.93658 0.12146 0.98003 0 26.03282 -14.90947 0.71532
-0.04101 -0.16093 1.08953 0 24.99144 16.59602 1.08862
0.62768 0.07028 0.53675 0 29.70203 -4.21774 0.45465
-5.20955 0.08718 3.45650 0 17.86170 -24.10311 0.65166
-15.34111 0.17989 7.55952 0 -20.81442 21.60463 0.49830
6.71953 0.23202 8.59801 0 25.49793 -15.80681 1.26566
17.18438 0.07279 41.30767 0 21.63700 -20.78077 2.39975
-13.39759 -0.05418 8.24600 0 24.36134 -17.50785 0.61386
0.74427 0.01813 0.52213 0 -29.93065 -2.03859 0.41891
-2.58624 -0.08558 0.61952 0 15.78006 25.51450 0.27052
1.11847 0.10265 1.06753 0 21.92705 -20.47449 0.71156
3.27007 -0.20805 0.93718 0 29.21777 6.80604 0.27419
2.10735 0.01059 0.54682 0 -28.57415 9.13881 0.23460
-0.22946 0.23035 0.71676 0 8.58364 28.74580 0.69860
-5.27974 -0.16162 1.42046 0 -25.90610 15.12858 0.26445
-0.36306 0.07463 0.42797 0 24.90144 16.73076 0.40229
-5.81557 -0.20591 6.25525 0 -27.92435 10.96496 1.06008
-0.28949 -0.00773 0.21737 0 -19.36205 -22.91530 0.20901
-0.26729 0.19439 0.80071 0 -23.62069 -18.49494 0.77874
-13.99406 -0.10683 9.17023 0 -1.25924 29.97356 0.65370
-3.42352 -0.21239 1.41643 0 22.86304 -19.42374 0.39723
0.87602 0.18584 0.55638 0 -2.30620 -29.91123 0.41858
9.35235 0.01647 11.82471 0 -22.60365 -19.72498 1.25723
-0.92910 0.13955 0.25954 0 -29.93203 -2.01831 0.19022
-3.55539 -0.18815 0.93949 0 14.14669 -26.45508 0.25452
-0.59856 0.00843 0.33486 0 -15.75449 25.53030 0.28736
-0.76455 -0.03950 0.55079 0 22.61693 19.70976 0.43762
-0.72001 -0.19228 0.40531 0 -7.72214 -28.98911 0.32899
-0.46276 -0.04737 1.08116 0 22.38391 -19.97400 0.98120
0.76047 -0.04836 0.80272 0 2.65158 -29.88259 0.63898
-6.10438 -0.07736 5.90815 0 -29.79008 -3.54274 0.95517
-16.39681 0.18501 6.56398 0 13.32502 26.87831 0.39970
1.53409 0.01563 1.86238 0 -14.93571 26.01777 1.01706
2.93657 -0.13463 1.52431 0 7.63054 29.01336 0.49142
0.91713 -0.10520 0.92489 0 7.30419 29.09723 0.68167
0.06054 -0.10286 0.30473 0 18.11075 -23.91654 0.30417
-0.25645 -0.07305 0.56359 0 6.51762 29.28345 0.54593
0.77274 0.24311 0.52525 0 16.33312 25.16405 0.41566
-2.46517 0.05589 1.07603 0 -25.22160 16.24410 0.40455
-21.50550 0.15180 17.11792 0 -27.58929 -11.78265 0.79518
-1.60567 -0.06452 1.81185 0 20.01788 22.34468 0.95789
2.17364 -0.01598 3.49612 0 13.68242 -26.69815 1.46126
5.04559 -0.11044 1.43928 0 26.24373 -14.53502 0.27995
10.39364 -0.25672 7.66319 0 -10.60568 -28.06278 0.73397
5.45612 0.12789 2.79820 0 -29.94538 -1.80948 0.50456
-19.19546 -0.04189 1.87176 0 29.83337 -3.15756 0.28621
1.67197 0.18219 1.28108 0 -29.56091 -5.11398 0.65762
0.96032 0.00338 0.83508 0 -17.77179 -24.16947 0.60237
1.64581 -0.07645 0.98675 0 -13.48772 26.79704 0.51245
1.17954 0.16383 1.16773 0 26.27551 14.47749 0.75519
-1.02966 -0.18922 0.84554 0 4.42559 29.67177 0.58912
-8.15591 0.02908 3.53635 0 -19.00388 -23.21319 0.43048
-9.20352 0.21982 4.55996 0 29.99501 -0.54688 0.49266
-4.15534 -0.19331 2.92116 0 10.90673 27.94715 0.68351
1.45086 0.18049 0.53666 0 0.51442 29.99559 0.30466
-2.77835 0.18573 3.19574 0 4.06453 -29.72338 1.08233
-0.30909 0.03876 0.44005 0 28.58273 9.11194 0.42044
-0.91816 0.26071 0.92068 0 17.04288 24.68887 0.67822
7.20159 0.21878 4.11455 0 12.83453 27.11595 0.56599
0.17343 -0.04657 0.69670 0 -17.83574 24.12232 0.68646
1.55871 0.17016 1.60017 0 2.85985 29.86338 0.86410
6.00375 -0.09836 15.23660 0 0.90299 29.98641 2.50343
17.89105 -0.15260 13.74880 0 -26.69603 13.68657 0.76734
3.83662 0.25517 1.46842 0 25.92669 15.09327 0.37042
-0.34082 -0.16652 0.35775 0 19.12386 -23.11446 0.33864
1.16293 0.19343 0.96959 0 -25.96547 -15.02646 0.63221
-14.64967 -0.23805 8.42862 0 -9.21789 -28.54874 0.57410
0.56121 -0.17683 1.01362 0 -20.91180 21.51038 0.88394
1.91087 0.08557 1.58190 0 -17.83315 -24.12424 0.75517
0.77817 -0.24327 0.63427 0 -28.34544 -9.82527 0.50061
-0.18676 0.23236 0.46832 0 -6.79915 29.21937 0.46037
0.59442 0.00435 1.05177 0 -28.38056 9.72336 0.90412
-8.04521 -0.23797 4.02798 0 20.58816 -21.82035 0.49694
-15.90654 0.15331 12.76111 0 25.92792 15.09116 0.80074
-25.31727 0.19401 7.67237 0 -6.52277 29.28231 0.30297
-11.67084 -0.11919 7.34368 0 -13.89099 26.59023 0.62701
-2.35446 -0.06515 1.47956 0 20.31710 -22.07295 0.57850
-4.71174 -0.23734 2.98228 0 -11.37029 -27.76178 0.61920
0.27049 0.18857 0.73234 0 -9.48048 -28.46262 0.70694
-0.13160 -0.08890 0.58687 0 -23.95853 -18.05516 0.58186
5.61177 -0.03278 3.15013 0 -25.41817 -15.93476 0.55278
4.34950 -0.02817 0.90209 0 27.29794 -12.44276 0.20234
-5.25004 -0.01753 2.70731 0 -20.33346 22.05789 0.50664
2.38000 -0.03158 0.95312 0 3.95355 29.73835 0.36933
0.47861 0.08761 0.96281 0 29.88832 2.58615 0.86848
0.76855 0.20475 0.35011 0 -23.40850 18.76279 0.27766
7.25051 -0.21337 4.45861 0 26.53561 13.99504 0.60925
-0.17429 -0.06439 1.09977 0 22.35432 20.00711 1.08344
-9.34495 -0.12980 6.35049 0 29.15421 -7.07335 0.67578
1.52958 0.05271 0.51038 0 -6.21814 -29.34851 0.27941
16.45538 -0.12717 3.66065 0 -26.88219 13.31719 0.22227
-1.59037 0.23589 1.03371 0 27.32612 12.38076 0.55029
17.16191 0.14857 4.53320 0 23.75848 -18.31761 0.26388
8.02930 0.01732 1.96987 0 26.78555 13.51053 0.24365
-2.37231 0.16855 0.85527 0 27.09662 -12.87529 0.33234
-0.69599 0.18694 0.53716 0 0.10534 29.99981 0.44092
0.54333 0.15336 0.65108 0 20.55917 21.84767 0.57212
-5.45953 -0.18131 2.68806 0 6.91163 -29.19297 0.48436
-9.27824 -0.12959 1.96662 0 22.21611 20.16047 0.21097
-13.64413 0.08915 6.56401 0 -20.80147 21.61710 0.47990
0.99569 -0.07208 0.35465 0 1.81426 -29.94509 0.25140
11.95133 0.20929 6.50957 0 -17.41647 24.42676 0.54287
6.17317 -0.01369 4.10782 0 11.30914 -27.78675 0.65694
-4.90975 0.16129 2.09450 0 10.85297 -27.96807 0.41820
3.46247 0.15269 1.49321 0 2.74060 -29.87456 0.41444
2.35482 0.00798 1.36339 0 -19.20150 -23.05000 0.53305
-1.23153 0.21553 1.11803 0 -29.97767 -1.15723 0.70481
11.95887 -0.13303 2.55293 0 -3.25855 -29.82251 0.21296
0.36684 0.23685 0.36453 0 -23.73811 18.34400 0.34224
-6.57762 0.20808 4.35842 0 -7.58436 29.02546 0.65516
0.77484 0.26287 0.67296 0 -26.93348 -13.21317 0.53200
-26.53356 -0.07381 17.85530 0 27.87750 -11.08356 0.67253
-16.07484 0.02384 10.01504 0 -19.31118 22.95818 0.62190
1.19416 -0.25715 0.90668 0 14.70393 -26.14946 0.58216
-4.57598 -0.18435 1.08110 0 28.53105 -9.27250 0.23090
-0.09225 -0.02035 0.50989 0 -14.82458 -26.08125 0.50773
-27.04393 -0.21778 8.69294 0 16.37331 25.13791 0.32137
1.64957 -0.03011 0.64003 0 -19.44876 -22.84176 0.33189
-5.68668 0.01204 3.39557 0 -19.37327 22.90582 0.58816
-0.54427 0.19305 0.33126 0 8.19793 -28.85817 0.29099
0.44312 0.19480 0.36359 0 24.61952 -17.14291 0.33243
0.12767 -0.00704 0.54149 0 -27.08540 12.89887 0.53713
-14.17666 0.22364 3.33926 0 -12.68995 27.18391 0.23517
-1.64536 -0.23315 0.54597 0 29.75470 -3.82854 0.28370
8.69298 0.11065 1.80428 0 -29.38364 -6.04993 0.20643
24.61911 0.10442 17.20882 0 -26.25757 14.51000 0.69850
5.59753 0.04377 5.20668 0 -9.91056 -28.31573 0.91571
-3.37167 0.15710 1.47634 0 -28.61070 -9.02374 0.41997
-2.27584 -0.15454 0.51667 0 23.67673 18.42314 0.20799
15.71326 0.20868 4.04998 0 27.19892 12.65776 0.25741
-0.17744 0.18239 0.89912 0 24.46757 17.35909 0.88529
27.01604 0.02344 20.43787 0 -2.46400 -29.89864 0.75606
-3.85332 0.01800 2.19229 0 26.61040 13.85231 0.55082
14.13276 0.20759 5.97696 0 -28.92038 -7.97569 0.42198
-0.82260 -0.19053 0.83469 0 8.83525 -28.66947 0.64464
-20.13659 0.08490 4.76776 0 -29.58692 4.96128 0.23669
3.53062 0.24926 1.81385 0 23.52520 18.61625 0.49436
1.40354 0.19797 0.37995 0 -20.60647 21.80305 0.22061
10.53978 0.13475 7.90562 0 -10.97067 -27.92211 0.74679
27.03660 -0.09889 14.21218 0 -5.89427 -29.41526 0.52540
25.76233 -0.01935 11.89944 0 1.19746 -29.97609 0.46165
12.99851 -0.04061 3.22347 0 7.11641 29.14372 0.24745
0.45354 -0.05119 0.95456 0 -24.12621 -17.83047 0.86934
23.31788 -0.12630 14.26399 0 7.38913 -29.07578 0.61124
5.36481 0.22125 3.32856 0 -8.25277 28.84253 0.61002
2.69846 -0.24511 2.12460 0 -11.37899 27.75822 0.73836
3.24669 -0.18727 1.28887 0 0.78274 29.98979 0.37961
0.25716 0.22155 0.27522 0 -23.47604 -18.67821 0.26655
-3.06590 -0.24261 1.11725 0 29.32113 -6.34596 0.34661
0.99542 0.01841 0.57804 0 -19.72166 22.60655 0.40973
-0.59800 0.00072 0.69768 0 22.85958 -19.42780 0.59881
-26.47637 -0.02855 12.59526 0 -13.37170 26.85512 0.47548
-4.82766 0.22209 2.12789 0 -7.08186 -29.15214 0.43181
-0.94174 0.14839 0.64253 0 3.24677 -29.82379 0.46780
1.36952 0.08184 0.72141 0 -1.96501 -29.93558 0.42551
0.94187 0.04225 0.63437 0 -26.82695 -13.42813 0.46184
4.44393 0.22613 6.56578 0 28.45824 9.49359 1.44145
1.05613 -0.16092 0.87215 0 6.81282 -29.21619 0.59968
9.00559 0.24545 17.05740 0 -10.75193 -28.00707 1.88255
0.06892 -0.11104 1.07543 0 15.29537 -25.80798 1.07289
0.79430 -0.05740 0.79044 0 0.81514 -29.98892 0.62744
10.58964 -0.17017 4.97659 0 -4.26863 -29.69476 0.46797
22.78887 -0.21560 16.63153 0 12.89133 -27.08899 0.72917
-4.71376 -0.15385 1.57338 0 -22.89897 19.38136 0.32662
-1.03116 -0.16060 0.66595 0 21.62826 -20.78986 0.46368
0.13222 0.23109 0.41096 0 2.19151 -29.91985 0.40742
8.88984 0.08369 2.97690 0 -21.16898 -21.25734 0.33291
1.47235 -0.07686 0.99266 0 -27.71963 11.47268 0.55779
-1.15180 -0.04839 0.34435 0 15.84841 25.47210 0.22588
12.81455 -0.05380 7.93266 0 -20.29729 -22.09117 0.61724
-8.39509 0.05333 2.23054 0 -26.91535 -13.25006 0.26401
14.30300 -0.21947 3.64892 0 -5.18071 -29.54928 0.25468
-4.27761 0.25402 1.34716 0 29.51377 -5.37935 0.30686
-7.73502 0.10508 1.05097 0 -0.65604 29.99283 0.27728
7.09397 -0.04037 2.18907 0 26.84187 13.39828 0.30572
-0.68061 -0.10048 0.91317 0 29.62348 -4.73810 0.75493
-2.20326 0.22640 1.64701 0 -23.21893 18.99688 0.68074
-5.99781 -0.21558 3.72087 0 -11.80636 -27.57915 0.61218
-1.22405 -0.08014 1.28255 0 21.72473 -20.68903 0.81147
3.92220 -0.16396 2.15947 0 -23.38236 -18.79535 0.53372
-3.34961 0.24468 1.67766 0 -27.67643 -11.57649 0.50544
1.64844 -0.09161 1.10834 0 13.78255 26.64660 0.57492
-1.80015 0.07539 0.76197 0 -18.77192 23.40118 0.37014
2.57937 0.25605 1.79809 0 -12.67361 27.19153 0.65002
0.02769 0.25547 1.26260 0 -9.16879 28.56455 1.26212
10.78719 -0.01853 6.03476 0 -28.04652 10.64859 0.55714
11.95901 0.00761 5.70718 0 24.31695 -17.56946 0.47567
-1.53304 -0.26270 1.30192 0 25.64882 -15.56078 0.71134
-17.09967 -0.19893 14.97969 0 3.06345 -29.84318 0.87459
-0.00206 0.25479 0.47799 0 24.15325 17.79383 0.47799
0.69664 0.24687 0.81371 0 25.63452 15.58433 0.66770
-3.55027 -0.14350 1.13812 0 -3.64063 -29.77828 0.30869
16.62831 0.04262 11.14540 0 -24.96315 -16.63855 0.66913
-3.91815 0.17430 1.89950 0 -28.65712 -8.87522 0.46984
-1.66694 0.00273 0.72675 0 -24.29566 17.59889 0.37392
0.83159 -0.09419 1.80597 0 -26.74604 -13.58857 1.38858
-1.48796 0.20730 0.89826 0 -10.42586 -28.13008 0.50112
-1.61421 -0.20864 2.16925 0 0.51459 -29.99559 1.14243
-2.49483 0.23196 2.73971 0 22.77676 -19.52484 1.01934
-23.29533 -0.07882 36.10757 0 -29.44681 5.73459 1.54860
5.10990 -0.10696 7.46134 0 -29.73679 -3.96524 1.43304
-1.31426 0.21583 1.54113 0 -16.04295 -25.35002 0.93324
-6.90966 -0.20312 3.40155 0 -23.59715 -18.52497 0.48731
25.75287 0.19520 10.86805 0 13.62712 -26.72642 0.42181
-3.00240 0.23229 1.31537 0 7.87979 -28.94666 0.41574
-1.27927 0.12787 1.24976 0 -24.37478 -17.48914 0.76971
-3.46427 0.05600 2.45227 0 -9.78992 -28.35767 0.68019
-0.00298 0.05100 0.22533 0 19.27191 22.99116 0.22533
0.87369 -0.19544 0.81519 0 15.40660 25.74173 0.61394
1.58863 -0.01222 2.81879 0 21.04287 21.38218 1.50163
4.30241 -0.15002 2.42711 0 1.29068 29.97222 0.54972
1.48265 0.14914 2.17149 0 15.92778 25.42255 1.21426
0.58101 0.02951 0.77739 0 29.98820 0.84133 0.67220
0.43723 0.01979 2.01124 0 29.97773 -1.15562 1.84280
0.05774 0.16540 0.26652 0 -20.62351 21.78694 0.26608
-8.62786 0.00055 5.42749 0 -9.30398 -28.52080 0.62496
-2.36233 0.24318 4.84008 0 -19.59173 22.71925 1.88678
-5.02404 0.09560 4.08199 0 -1.78907 29.94661 0.79692
0.98075 0.03439 1.69099 0 8.68618 28.71498 1.17530
2.30741 0.18438 4.96506 0 21.62380 -20.79450 1.97437
-0.32168 0.08024 0.76809 0 29.98780 -0.85536 0.73120
-3.19783 0.26265 1.12362 0 9.57183 28.43203 0.33545
-1.36448 0.23638 1.66475 0 28.85085 8.22364 0.98410
-2.09212 -0.09069 1.15907 0 24.17922 17.75853 0.49997
-18.94876 0.10863 6.24480 0 -24.53645 -17.26160 0.32925
-7.31928 -0.18037 6.89724 0 -27.73984 -11.42372 0.93372
-3.75969 0.24068 9.50413 0 -27.01483 13.04603 2.44298
-9.66804 0.10502 2.41659 0 -3.12370 29.83693 0.24882
2.46421 -0.10414 1.54468 0 29.84211 -3.07385 0.58089
-17.45649 0.02982 7.32143 0 1.95056 -29.93652 0.41884
-5.86358 0.15370 1.91228 0 21.35879 21.06661 0.32154
1.13270 0.04465 0.23080 0 -13.06105 -27.00757 0.19816
0.97963 -0.19546 0.65191 0 -1.46943 -29.96399 0.46574
2.29136 0.01342 0.93558 0 5.82372 -29.42931 0.37436
-0.67378 -0.23913 0.61812 0 29.68908 -4.30797 0.51263
9.77026 -0.11150 5.61680 0 2.69899 29.87834 0.57198
4.36802 -0.11557 1.40390 0 -29.61763 -4.77451 0.31342
9.50941 -0.00466 2.80022 0 27.77731 11.33231 0.29302
0.09787 -0.07598 0.82994 0 3.83447 -29.75394 0.82600
-7.78754 -0.15731 2.27302 0 -3.00310 -29.84931 0.28967
9.53226 -0.08086 3.10731 0 -26.64844 -13.77900 0.32435
1.59200 -0.16606 0.46637 0 24.77973 16.91050 0.24821
6.01187 -0.05314 3.98775 0 -24.36160 17.50750 0.65445
-0.24454 0.01142 0.79319 0 -29.58018 -5.00131 0.77049
1.37569 -0.21869 0.86675 0 -28.92685 7.95218 0.50968
-1.89795 -0.07604 2.52338 0 16.80574 24.85090 1.17629
-20.38142 0.03329 25.77888 0 -5.40807 -29.50852 1.26334
1.36084 0.20938 1.40348 0 -9.27105 28.53152 0.83113
8.40610 -0.12850 1.81362 0 5.23793 29.53920 0.21446
-22.24404 -0.02959 5.56942 0 26.70242 -13.67410 0.25032
-4.60312 -0.19538 1.64285 0 -29.93986 1.89866 0.34886
-6.20191 -0.19110 4.04145 0 28.03315 10.68375 0.64341
1.08308 0.21336 1.73642 0 1.03633 -29.98210 1.17795
3.42496 -0.19520 1.45419 0 22.63808 19.68546 0.40767
-0.74733 0.03481 0.63132 0 -23.56127 18.57058 0.50574
-0.95439 0.02529 1.97898 0 1.28506 29.97246 1.43163
-13.50311 0.24164 14.53454 0 -10.97312 27.92115 1.07349
-8.30139 0.02485 1.96091 0 -10.94519 27.93211 0.23472
3.04399 0.09575 1.31281 0 26.49515 14.07149 0.40981
-11.72929 0.23024 8.51429 0 14.61515 -26.19919 0.72334
-10.30749 0.12642 8.06924 0 -8.19579 28.85878 0.77926
-1.83569 0.20174 2.29796 0 -16.74844 -24.88955 1.09936
-0.52520 0.26363 1.27509 0 -10.22104 28.20515 1.12888
3.84956 0.20554 1.26643 0 -5.75326 29.44316 0.31858
-0.46387 -0.02237 0.59697 0 12.47469 27.28337 0.54156
1.89305 -0.14357 0.96627 0 -10.99010 27.91447 0.45139
4.69818 -0.21188 2.14612 0 28.66317 8.85567 0.44687
1.13193 0.08281 0.75657 0 -5.83418 29.42724 0.50095
1.51577 -0.00274 0.74130 0 3.45750 -29.80010 0.40830
-2.04479 0.20513 0.66550 0 -28.44331 9.53825 0.29247
6.18121 0.02137 4.36517 0 -7.27069 29.10562 0.69720
-1.66519 -0.17709 0.88338 0 29.60619 4.84495 0.45486
0.41815 0.05692 0.69191 0 24.30193 -17.59023 0.63836
2.75312 0.26365 1.56617 0 14.25560 26.39655 0.53474
-0.37058 -0.16316 0.59890 0 0.18465 -29.99943 0.55948
8.04311 -0.01511 3.50391 0 -26.18450 -14.64144 0.43242
8.37000 -0.25243 2.80648 0 27.74487 11.41150 0.33308
-5.51158 -0.16385 1.60945 0 -13.42981 -26.82611 0.28742
-3.66929 0.14152 1.23171 0 -28.27093 -10.03766 0.32401
4.18890 -0.17411 1.28911 0 -16.79472 -24.85834 0.29942
7.07082 0.24947 2.15464 0 29.97583 1.20406 0.30188
0.74174 -0.08544 0.49510 0 10.68361 -28.03321 0.39769
-0.95316 -0.11361 0.32890 0 -21.50552 -20.91680 0.23817
5.94023 -0.02109 2.88038 0 29.91461 -2.26186 0.47822
11.47597 -0.10206 9.34620 0 -7.59579 -29.02247 0.81140
-0.54130 -0.03325 1.14827 0 -26.22828 -14.56287 1.01436
10.56534 0.12722 3.74395 0 -29.31521 6.37326 0.35292
2.98199 0.24069 0.56597 0 -29.99201 -0.69232 0.18006
-24.27354 0.05836 13.26071 0 -7.71973 28.98975 0.54593
-7.63538 -0.06525 5.58986 0 14.61144 -26.20126 0.72597
-0.20197 -0.19945 0.20619 0 3.75577 -29.76398 0.20135
-0.38033 -0.18479 0.33733 0 3.75894 -29.76357 0.31531
6.16767 -0.02615 2.29316 0 25.99703 14.97178 0.36714
-5.11620 0.10826 2.89386 0 -28.83711 8.27171 0.55520
-16.95175 -0.22519 13.60298 0 25.10187 16.42851 0.80112
0.91584 0.18094 0.39602 0 -7.04039 -29.16218 0.29211
0.65033 0.00021 0.34374 0 -12.39957 -27.31759 0.28821
-15.06176 0.23086 4.26293 0 0.55123 -29.99494 0.28258
-22.88541 -0.18756 18.14831 0 28.36410 -9.77127 0.79232
2.99900 0.21583 2.51427 0 16.34628 -25.15550 0.79538
5.35497 0.15667 1.32046 0 0.11678 29.99977 0.24260
1.14291 -0.02234 0.39799 0 -4.82250 -29.60986 0.26215
-0.03066 -0.13773 0.45382 0 -28.84049 -8.25990 0.45361
1.22637 0.06040 0.93261 0 -12.55814 27.24506 0.58942
-2.85913 -0.00520 3.53150 0 -29.03519 7.54704 1.16598
17.28885 -0.16781 11.18408 0 -1.01233 -29.98292 0.64589
-1.31858 0.22053 1.17602 0 26.83595 13.41015 0.71066
2.01869 0.15010 1.80854 0 26.46620 -14.12587 0.80284
-2.88342 -0.10266 0.92840 0 -2.76445 -29.87236 0.31276
2.55411 -0.13434 1.39312 0 -24.53571 -17.26265 0.50798
-0.38632 -0.04216 0.58497 0 -23.75907 18.31684 0.54568
-1.62101 0.13028 0.86191 0 27.55652 11.85910 0.45261
0.74742 -0.02426 0.68220 0 28.62533 -8.97722 0.54648
-5.20507 -0.14129 2.15360 0 25.70524 15.46740 0.40638
-0.95551 0.15941 0.36986 0 -28.64337 8.91951 0.26748
1.29682 -0.23526 0.95235 0 29.20319 6.86832 0.58161
-5.78010 0.11636 3.14333 0 -11.57363 27.67763 0.53595
1.82027 0.12842 0.69017 0 26.21390 14.58874 0.33243
-19.64280 0.22513 7.16026 0 28.66678 8.84395 0.36419
-5.49155 0.16170 2.47250 0 -29.32619 6.32257 0.44303
-3.91067 -0.21039 1.16088 0 22.86256 19.42429 0.28773
1.05734 0.19793 0.42511 0 -18.78100 23.39389 0.29220
-9.82113 0.14464 4.85774 0 0.12059 29.99976 0.49218
-14.98775 -0.12304 6.13623 0 28.60607 -9.03839 0.40863
-17.15623 -0.14527 5.46494 0 6.00583 -29.39269 0.31815
-0.21882 -0.21469 0.28489 0 -29.16363 -7.03438 0.27831
-15.16580 -0.15157 9.64469 0 -22.04738 20.34485 0.63465
0.51655 0.25510 1.06765 0 29.29593 -6.46133 0.94858
-3.06630 0.03834 1.17140 0 -28.07158 10.58237 0.36333
-12.35713 -0.16886 3.76216 0 -27.49259 12.00656 0.30362
15.50385 0.02301 5.11056 0 -19.16117 -23.08354 0.32910
2.10675 -0.06596 2.00421 0 3.31501 -29.81628 0.85950
15.30447 0.13286 6.36424 0 23.79461 -18.27065 0.41507
-0.01651 0.24172 0.54530 0 6.22371 -29.34732 0.54522
0.60849 0.20921 0.55394 0 11.49385 27.71086 0.47325
4.22959 0.20317 3.88873 0 -22.78416 -19.51620 0.89477
-16.66263 0.00333 8.40804 0 24.86466 16.78537 0.50379
13.79131 -0.04671 1.03306 0 27.83788 -11.18269 0.21444
4.10802 -0.24614 1.64859 0 0.14831 -29.99963 0.39006
-13.06611 0.00778 10.01259 0 -10.38295 28.14595 0.76413
1.87551 0.01455 1.40416 0 14.13574 -26.46093 0.66073
7.98505 -0.01057 3.34145 0 -22.21220 20.16477 0.41533
-7.95563 0.06555 4.25498 0 -29.92838 2.07170 0.53075
-10.48926 0.24016 8.45150 0 -19.68194 -22.64114 0.80215
0.81083 0.00829 0.33221 0 24.43682 -17.40236 0.25810
8.45257 -0.14747 3.30694 0 29.39038 6.01711 0.38865
20.93031 -0.06028 13.65976 0 -3.29348 -29.81867 0.65196
0.10552 0.24179 0.82912 0 26.25478 14.51504 0.82454
-1.35560 0.02990 1.27986 0 -28.58224 -9.11350 0.75983
-3.99862 0.17878 1.90860 0 20.56587 -21.84136 0.46319
20.02247 -0.10448 20.79760 0 23.53082 -18.60915 1.03747
