0.91284 0.24200 2.15412 0 26.16970 14.66789 1.59096
5.75154 -0.20642 2.83412 0 -14.54298 26.23932 0.48578
0.34380 0.02206 0.31501 0 -0.77267 -29.99005 0.29791
6.43555 0.21294 2.68401 0 -11.50631 -27.70568 0.41223
8.92961 0.09923 4.81831 0 -14.44594 -26.29286 0.53633
2.22355 0.19365 0.71444 0 27.43652 -12.13415 0.29315
3.46830 0.24476 0.93014 0 5.54757 -29.48261 0.25787
0.21698 0.07077 0.58192 0 6.94048 29.18612 0.56869
15.91506 -0.19665 3.73203 0 -27.46288 -12.07437 0.23424
-5.88884 -0.20110 5.80061 0 -10.01764 28.27803 0.97115
-16.61586 -0.15015 8.65365 0 9.20887 28.55165 0.51996
-4.69808 0.08896 6.56326 0 -0.97358 29.98420 1.36643
-8.88645 -0.04641 3.14131 0 13.82134 26.62650 0.35142
-0.84303 0.05694 0.95965 0 13.93042 -26.56960 0.73375
-0.91582 0.05648 0.91539 0 -18.38511 -23.70628 0.67510
0.19651 0.22567 0.68346 0 9.21842 -28.54857 0.67064
19.49703 -0.12444 9.63673 0 -29.65783 4.51807 0.49372
21.23002 -0.17075 17.53477 0 -26.42080 14.21061 0.82509
-6.44294 0.03494 1.77861 0 26.50144 14.05964 0.27296
0.54026 0.10078 0.30449 0 -16.17865 -25.26364 0.26793
0.96358 -0.25769 0.69430 0 -25.26893 -16.17038 0.50004
11.05522 0.17518 2.59833 0 -7.18637 29.12655 0.23428
-19.40094 -0.15011 1.91569 0 2.96147 29.85347 0.20766
3.06288 -0.04406 3.54221 0 -16.82322 24.83907 1.09944
22.71433 0.22535 3.71569 0 25.08567 16.45325 0.21369
-6.05484 0.15091 1.18988 0 24.36259 -17.50611 0.20228
4.06111 -0.25217 1.35786 0 -29.73365 3.98875 0.32475
2.92913 -0.06070 7.10370 0 2.05555 29.92949 2.29517
1.31990 -0.25930 0.64181 0 -29.70805 -4.17514 0.38769
4.74007 0.01101 2.71208 0 27.34979 -12.32839 0.55991
-15.70744 0.00012 9.49761 0 -0.98049 -29.98397 0.60352
-6.72961 0.21638 1.98200 0 -2.86562 29.86282 0.29148
-0.06069 -0.15539 0.51358 0 -18.63842 23.50764 0.51264
-0.32075 0.14550 0.35200 0 -8.62202 -28.73431 0.33520
-6.36798 -0.15332 1.72003 0 25.27845 16.15549 0.26892
-17.52351 0.19916 10.20988 0 25.77918 15.34386 0.58178
10.06112 0.05156 5.88164 0 -26.09134 14.80682 0.58181
4.41254 0.06616 1.63522 0 -4.44793 -29.66843 0.36162
2.67388 0.09854 0.44432 0 -29.99897 0.24812 0.15578
-9.13705 0.17548 4.31678 0 21.71559 20.69863 0.46975
9.85256 0.05877 2.17750 0 -24.30637 17.58410 0.22010
12.55389 -0.01858 4.81560 0 -27.90409 -11.01644 0.38251
0.59924 0.17355 0.45538 0 22.42316 19.92993 0.39065
0.83934 -0.14747 0.73671 0 -29.95259 -1.68594 0.56431
20.66188 -0.05787 31.30355 0 -21.19086 -21.23552 1.51330
-12.06762 -0.03758 2.92278 0 29.17930 -6.96909 0.24157
-13.41949 0.01574 7.35352 0 29.94308 1.84706 0.54655
1.98551 -0.10322 1.33417 0 -29.20398 6.86495 0.60021
1.48137 -0.24241 1.89659 0 14.55291 26.23381 1.06117
15.15011 0.09271 9.92409 0 -23.42553 -18.74152 0.65370
0.90735 0.13951 0.50745 0 -29.95465 -1.64898 0.37587
-16.44080 0.22149 7.31081 0 -0.93419 -29.98545 0.44396
0.59954 0.13090 1.99600 0 13.92203 26.57399 1.71190
8.57234 0.04565 4.42373 0 -13.20074 -26.93957 0.51266
4.53257 -0.16503 0.98321 0 -29.38655 -6.03576 0.21200
-4.42285 -0.11132 2.44855 0 -28.01679 -10.72657 0.53885
-2.19396 -0.16581 0.61820 0 -29.99990 0.07839 0.26014
0.05338 0.11911 0.60995 0 13.98743 -26.53963 0.60908
9.50386 0.08160 7.90457 0 -28.38652 -9.70595 0.82721
0.78978 -0.21108 0.90481 0 25.59374 15.65121 0.71008
-0.69916 -0.20287 1.19119 0 -13.29479 -26.89328 0.97625
0.26499 0.22521 0.61414 0 -28.60834 -9.03122 0.59366
5.90005 -0.17851 2.82561 0 26.94193 13.19592 0.47242
-25.90932 0.21758 10.75550 0 -11.69314 27.62735 0.41493
1.69413 -0.02875 0.63413 0 -24.56728 -17.21769 0.32245
4.96142 -0.24685 3.14225 0 9.59429 -28.42445 0.62093
0.17251 0.07080 1.13630 0 -25.31905 16.09179 1.11977
-8.90774 -0.07155 3.70438 0 -22.62791 -19.69715 0.41338
4.44879 -0.00922 0.99512 0 -18.88482 23.31016 0.21833
-4.19616 0.08040 0.85665 0 -19.63508 -22.68179 0.19871
-4.72544 -0.04442 3.75737 0 21.25760 21.16871 0.77797
14.17667 0.02451 12.86408 0 -29.99163 -0.70857 0.90522
11.44221 0.09419 4.37435 0 13.98382 26.54153 0.38097
1.94384 0.15967 1.02687 0 -26.56932 13.93094 0.46986
-2.28301 -0.26314 3.01235 0 28.20584 10.21912 1.20863
2.72767 0.23040 1.75845 0 -26.82511 -13.43182 0.60537
-2.95320 0.05131 5.14151 0 3.35210 29.81214 1.64908
-0.23671 0.12949 0.99314 0 11.64245 27.64875 0.96644
-25.17254 -0.08115 7.80321 0 -29.90937 -2.33010 0.33183
-25.65459 -0.13488 8.41540 0 29.34881 6.21669 0.41009
-18.14898 0.09612 10.41753 0 -8.81200 -28.67662 0.57322
3.47338 -0.05386 1.56316 0 -28.59407 -9.07630 0.43262
2.26120 -0.06558 1.14429 0 29.21743 6.80746 0.46296
25.91334 0.17033 15.79804 0 -19.60730 22.70581 0.60928
-8.06198 -0.18133 2.03290 0 -12.95533 -27.05844 0.27695
-0.64997 0.13946 0.26827 0 14.17738 -26.43865 0.22500
-21.91332 -0.12315 13.57163 0 -2.13107 -29.92421 0.61877
0.21245 -0.02545 0.51816 0 29.93916 -1.90970 0.50685
0.06085 0.26378 0.50009 0 29.92012 2.18776 0.49917
-13.39935 0.04598 5.18320 0 -9.17672 28.56200 0.38588
-26.89649 -0.23325 13.41061 0 -2.95761 -29.85385 0.49835
-1.19772 -0.12290 1.11635 0 -20.35768 22.03554 0.71551
-12.33658 0.25806 3.76000 0 -15.01996 -25.96923 0.30395
1.40010 -0.06867 0.56377 0 5.85821 29.42246 0.32774
0.46098 -0.17249 0.43951 0 -29.82068 3.27517 0.39917
-0.27634 0.13311 0.32221 0 -12.48499 27.27866 0.31058
9.01500 -0.22199 3.82183 0 9.94470 28.30376 0.42147
9.69500 0.12779 5.45884 0 -25.81711 15.27995 0.56017
5.79567 -0.24825 1.72778 0 22.82715 19.46590 0.29388
-6.46366 -0.06039 4.44871 0 28.88668 8.09690 0.68024
0.31861 0.13658 0.71162 0 19.47739 22.81735 0.67804
15.69909 0.05755 12.45366 0 29.55774 -5.13225 0.79173
-4.85821 -0.08015 0.71344 0 -24.06393 -17.91444 0.14400
-0.29738 -0.16422 0.45302 0 -10.36318 -28.15323 0.45269
0.98223 0.00059 0.24441 0 -29.96778 1.39011 0.19060
0.85753 -0.07518 0.83469 0 14.67294 26.16687 0.63366
-3.20202 -0.14277 2.04209 0 15.34126 25.78072 0.60887
-16.16309 0.15844 6.60844 0 2.43377 -29.90112 0.40820
-2.53956 0.07954 2.21532 0 28.91377 -7.99962 0.81171
3.19321 0.07912 1.86533 0 19.89116 -22.45756 0.55753
0.47253 0.07505 0.79186 0 -4.00972 29.73083 0.71597
-0.38652 0.00083 0.59536 0 -6.42962 -29.30290 0.55533
-6.72096 0.13026 1.75857 0 -28.92797 7.94810 0.25899
0.10885 0.23881 0.86158 0 21.87688 20.52808 0.85652
0.38873 0.11977 1.13691 0 28.74276 -8.59383 1.05967
-20.47197 0.06746 18.84025 0 -27.07844 -12.91348 0.91925
0.93856 -0.24908 0.60116 0 -29.55947 5.12226 0.44559
1.08880 0.02074 0.62342 0 -27.62011 -11.71022 0.42176
13.64844 0.13153 6.12137 0 -29.99727 -0.40456 0.44741
3.00442 -0.11048 0.69762 0 15.92455 -25.42457 0.22053
-3.82335 -0.14245 4.70711 0 -29.36270 6.15077 1.06160
-17.00222 0.22558 12.46677 0 10.40715 28.13701 0.73205
-6.21488 -0.20122 3.22180 0 -7.83799 28.95800 0.51191
0.00678 0.24115 0.60983 0 -29.08823 -7.33996 0.60981
-1.92617 -0.19710 1.49115 0 24.12506 17.83203 0.68713
-0.63563 0.16480 0.49305 0 5.20620 29.54480 0.41614
0.96727 0.01534 1.24066 0 -6.18763 -29.35495 0.89177
-0.61445 -0.07700 0.64586 0 1.51373 29.96179 0.55031
-8.83799 0.19277 4.84938 0 28.68450 -8.78631 0.54531
1.61765 -0.11412 0.40406 0 -29.48375 -5.54155 0.21262
15.48408 0.07183 10.54883 0 2.75138 -29.87357 0.67992
1.47393 -0.03411 1.10193 0 -29.69651 4.25643 0.61870
26.28833 -0.09164 10.35210 0 -24.65843 -17.08689 0.39363
-16.08574 0.04763 19.34646 0 23.05912 -19.19055 1.20043
-18.70696 -0.17917 15.02435 0 -11.10766 27.86790 0.80206
18.17713 0.02311 21.43240 0 -13.55704 -26.76204 1.17735
0.35962 -0.19309 0.33714 0 -1.72250 -29.95051 0.28654
0.66525 0.06737 0.72887 0 -12.02879 -27.48287 0.60688
9.77993 -0.21168 2.44171 0 3.50009 29.79512 0.24856
-1.63841 -0.16440 0.57312 0 25.89758 -15.14316 0.29867
-0.54796 -0.06810 0.41835 0 -29.53443 5.26476 0.36692
-3.03764 0.12877 3.98280 0 26.21253 -14.59120 1.24545
1.34023 -0.17177 0.65957 0 -12.44319 27.29775 0.39454
1.24505 0.20150 0.81589 0 26.45125 14.15385 0.51099
-1.72900 0.11285 0.47721 0 -29.30455 6.42209 0.23911
0.34710 0.22898 0.28337 0 -13.50424 -26.78872 0.27126
26.71087 0.01659 16.55516 0 -18.14877 -23.88770 0.61944
-17.47787 0.18846 9.81791 0 -29.46091 5.66171 0.56090
-18.77498 -0.22432 6.06761 0 -5.29653 -29.52874 0.32287
-18.18679 0.19445 26.94053 0 -21.35058 21.07493 1.47913
-22.21713 -0.11904 13.63646 0 -1.71362 -29.95102 0.61324
2.82875 -0.05145 1.06048 0 26.72114 -13.63747 0.35356
0.30310 0.22516 0.46300 0 24.33839 -17.53974 0.44310
-4.27877 -0.13131 1.64295 0 -6.29717 29.33165 0.37397
1.32444 0.08439 0.58891 0 27.86079 -11.12549 0.35493
-4.61422 -0.10805 2.77162 0 28.72779 8.64373 0.58710
-4.99705 -0.24828 1.50459 0 -10.15865 28.22768 0.29534
2.66036 -0.02861 0.54011 0 -20.96589 21.45767 0.19019
2.86622 -0.18281 3.94550 0 4.71413 29.62730 1.29978
2.90143 0.16497 1.31457 0 -9.82316 28.34617 0.42853
3.16761 0.11390 1.22232 0 11.72686 -27.61305 0.36810
-1.12142 -0.00373 0.27782 0 -29.65711 4.52280 0.18502
-15.64679 0.17971 8.37289 0 -8.78756 28.68412 0.53412
2.65664 0.08151 0.69097 0 -22.49988 -19.84327 0.24366
6.04781 0.14808 8.80686 0 -24.54828 17.24476 1.43675
-0.29100 -0.19016 0.28258 0 -25.39416 -15.97300 0.27134
-0.73582 0.12238 0.37571 0 23.42406 -18.74336 0.30268
-0.54422 -0.09264 0.90628 0 -12.14920 27.42986 0.79604
0.63599 -0.03548 0.90560 0 27.28309 -12.47530 0.76417
9.13832 -0.16782 6.21382 0 -8.98341 -28.62339 0.67601
-0.74721 -0.02155 0.54463 0 -0.24996 -29.99896 0.43632
0.02780 0.24750 0.22737 0 24.97076 -16.62712 0.22728
1.91475 0.10791 1.07221 0 14.21710 -26.41731 0.49644
0.52086 0.10724 0.97462 0 19.53711 -22.76623 0.86441
-3.98246 -0.00387 3.21634 0 29.72789 -4.03142 0.78335
-24.59042 0.08825 14.71479 0 -18.73719 -23.42899 0.59798
-23.89331 -0.21891 23.18414 0 10.73398 28.01396 0.96952
-15.56354 0.21498 6.37058 0 3.12178 29.83713 0.40860
-5.45506 -0.26045 2.84727 0 28.70438 -8.72115 0.51347
-2.75035 0.21891 1.18989 0 -19.03256 23.18969 0.40671
-8.80621 0.08168 2.66446 0 -28.09662 -10.51571 0.30079
-7.53057 0.16723 1.72574 0 -6.18381 29.35576 0.22738
0.32080 -0.19105 0.86340 0 29.99934 0.19923 0.82213
0.78780 -0.06709 0.89823 0 -4.24603 29.69800 0.70562
1.85642 -0.24157 1.14983 0 -8.97547 28.62588 0.54536
15.92148 0.15115 6.58255 0 1.90707 29.93932 0.41274
1.55074 0.05771 1.40041 0 27.75610 -11.38414 0.75899
1.06004 -0.13644 0.47594 0 18.03752 23.97181 0.32669
3.99548 0.05633 1.25813 0 -9.21508 28.54965 0.30570
8.43889 0.04820 3.24925 0 28.09325 10.52469 0.38248
2.80421 0.22993 1.23755 0 -9.08068 28.59268 0.41576
15.22496 -0.14804 8.41536 0 29.77661 3.65425 0.53055
-0.02384 -0.11945 0.55808 0 -28.90643 -8.02611 0.55792
6.08687 0.09378 3.45705 0 -21.32738 -21.09841 0.56052
-3.56495 0.25784 1.47493 0 10.42384 -28.13083 0.39849
-1.75132 0.05806 0.64255 0 -9.54805 28.44002 0.31873
3.78051 0.21514 1.74557 0 29.49218 5.49647 0.44653
5.11839 0.17862 4.35883 0 -20.09664 22.27387 0.83593
2.93056 0.08583 2.96026 0 -9.04666 28.60346 0.95605
1.24810 -0.12267 0.53390 0 20.07188 22.29618 0.33393
4.06801 -0.19045 1.93923 0 -3.15495 -29.83364 0.46301
-0.76916 0.21400 0.87499 0 23.39493 -18.77970 0.69359
-0.35157 0.13156 0.47931 0 -28.78487 8.45171 0.45219
-2.80523 0.14495 1.84459 0 13.15836 -26.96030 0.61949
0.46460 -0.09977 0.26617 0 -27.12065 12.82460 0.24143
-13.69451 -0.01923 10.94922 0 -4.44492 29.66888 0.79747
9.70610 -0.18682 6.31258 0 19.61702 22.69741 0.64702
-0.10696 -0.19980 0.60092 0 28.38255 -9.71757 0.59752
-5.82526 0.07749 4.23453 0 29.41633 -5.88892 0.71654
-20.03362 0.10241 7.86221 0 6.11089 29.37102 0.39209
-24.35727 -0.19591 32.66562 0 2.19188 -29.91982 1.34002
1.24031 0.11153 0.34900 0 -24.84428 16.81552 0.21914
11.31060 0.03085 18.30054 0 -9.56301 -28.43499 1.61174
-0.12751 -0.17992 1.72768 0 22.55706 19.77825 1.71380
-0.48991 -0.12939 1.97730 0 23.93916 -18.08084 1.77567
-2.83477 -0.00170 2.27935 0 -3.22918 29.82570 0.75833
-0.24523 0.16948 1.50190 0 28.04284 10.65828 1.45868
-1.85168 -0.09117 1.17013 0 29.97615 1.19603 0.55607
0.91410 0.06160 0.51113 0 -1.42438 29.96617 0.37729
1.28433 0.04174 0.92298 0 -24.09360 -17.87452 0.56710
17.61756 -0.14620 9.66106 0 -29.99927 -0.20924 0.54758
-2.14011 -0.13777 1.82766 0 2.85947 29.86341 0.77378
0.74939 0.10269 1.77162 0 -11.46703 27.72196 1.41533
0.52427 0.00329 0.31022 0 -22.97246 19.29420 0.27857
-0.13348 -0.11120 0.72522 0 -6.83839 29.21021 0.71884
4.24699 0.00405 3.27482 0 -7.29418 29.09974 0.75064
8.28757 -0.01680 4.02426 0 -22.05082 -20.34113 0.48218
0.82159 0.06278 0.96059 0 29.82309 3.25319 0.74224
1.16046 0.10320 0.73870 0 28.67319 8.82315 0.48228
-5.39598 -0.24232 3.43905 0 10.04861 28.26704 0.62675
-5.33638 -0.21501 3.55986 0 -6.83900 29.21007 0.65573
-0.37369 -0.09837 0.82678 0 -2.40965 -29.90307 0.77448
-3.91823 -0.10985 4.94887 0 -2.43957 -29.90064 1.22387
-0.34393 -0.19262 0.73273 0 29.98665 -0.89484 0.69290
-0.00156 0.18067 0.85843 0 -27.76687 11.35786 0.85843
-0.81254 -0.00496 1.17624 0 4.15085 29.71145 0.91290
-0.84180 0.21805 1.04422 0 -23.90047 -18.13194 0.79887
1.73215 0.24821 0.64738 0 -17.60053 -24.29447 0.32378
-15.54569 -0.01843 4.33676 0 26.88263 13.31631 0.33269
0.77362 0.01684 0.31584 0 24.97963 -16.61380 0.24988
13.29885 0.06284 8.33884 0 14.45181 -26.28964 0.62535
18.32010 -0.25114 21.39367 0 -9.48867 28.45989 1.16608
2.18976 -0.05217 1.97084 0 21.92778 20.47371 0.81873
3.80164 -0.14890 3.15507 0 29.67306 -4.41699 0.80270
13.40774 -0.14273 4.70865 0 -29.11398 -7.23713 0.35035
-5.39647 0.22166 2.54330 0 -22.15827 20.22402 0.46351
-25.76650 -0.03513 6.56542 0 26.71368 13.65208 0.28363
0.19266 -0.07013 0.69762 0 -1.38682 29.96793 0.68503
-16.91696 -0.05945 11.23684 0 -26.95328 13.17272 0.72666
-15.62560 -0.24966 8.19061 0 -26.19074 -14.63027 0.52320
12.03609 0.19957 6.74504 0 -6.22795 29.34642 0.55856
1.11920 0.11034 1.33393 0 28.35515 -9.79721 0.88881
1.43028 0.10762 1.07641 0 10.26863 28.18786 0.61684
2.69468 -0.19650 1.59222 0 -29.38072 6.06411 0.55407
14.64399 -0.02422 9.21623 0 -14.68831 26.15824 0.62797
8.66526 0.02044 5.22487 0 29.99946 -0.18045 0.59907
-0.10896 -0.00337 0.49321 0 28.13449 10.41396 0.49031
0.23502 0.17008 0.86607 0 28.86550 -8.17209 0.84310
2.45556 0.22912 1.73703 0 20.98474 -21.43923 0.65520
2.63283 -0.09861 0.65759 0 -29.71579 4.11967 0.23364
6.36175 -0.26294 5.26361 0 23.58416 18.54151 0.81741
23.24589 -0.15484 19.44328 0 24.04163 -17.94435 0.83570
13.72027 0.20693 5.44483 0 -20.07862 -22.29011 0.39592
-2.55893 0.19275 2.58651 0 0.43536 -29.99684 0.94150
-26.50888 -0.05404 18.78996 0 -28.59352 9.07804 0.70838
-0.86256 0.13498 0.48494 0 -12.33472 -27.34693 0.36725
-0.32872 -0.12813 0.67929 0 -4.64231 -29.63864 0.64532
0.11705 -0.22014 0.61226 0 -5.06596 29.56917 0.60811
-1.95385 -0.19829 4.55750 0 23.29878 18.89885 2.07644
-0.55189 -0.07630 1.66705 0 8.99370 28.62016 1.45954
-6.05653 0.16201 3.46609 0 27.95107 10.89669 0.56473
15.02880 0.06069 23.43629 0 -6.73675 29.23382 1.55602
2.32960 0.11717 2.60325 0 -0.48443 -29.99609 1.02689
0.60527 0.15449 0.67262 0 -24.41019 17.43968 0.57544
0.74240 0.15309 0.59074 0 12.42822 27.30457 0.47435
13.74785 -0.25205 8.41000 0 -21.24341 21.18295 0.61020
26.41200 -0.06283 16.94490 0 -0.47601 29.99622 0.63550
-19.74953 0.15084 8.58055 0 -5.55968 29.48033 0.43403
-23.85397 -0.17658 14.38308 0 29.96922 1.35861 0.60252
22.62146 -0.01134 7.43372 0 -7.49781 29.04794 0.32844
0.99711 0.14728 0.29651 0 -20.82199 21.59733 0.21007
8.61906 0.13258 3.08304 0 26.23835 14.54473 0.34874
0.20440 0.25634 0.63804 0 29.88869 -2.58186 0.62511
-7.55106 -0.23879 11.57461 0 -29.93459 -1.98005 1.51961
-1.03594 0.03266 1.30330 0 -29.75520 3.82467 0.90518
0.23094 -0.14662 1.75870 0 -24.56731 17.21765 1.71360
-11.14918 -0.06022 5.28907 0 19.22031 23.03431 0.47260
2.02951 0.16807 1.43944 0 29.94979 1.73491 0.63629
1.40593 0.01554 1.15098 0 23.50651 -18.63984 0.66717
-0.67635 -0.15318 0.80362 0 29.49932 5.45802 0.66568
0.70295 0.24330 0.39633 0 8.72396 -28.70353 0.32429
22.65824 0.03242 9.85866 0 -0.93105 -29.98555 0.43479
-2.73690 -0.17977 0.32341 0 -9.31825 -28.51614 0.19213
2.19085 0.14462 1.35138 0 -8.33021 28.82026 0.56118
-1.53619 0.20507 1.27068 0 29.97355 -1.25949 0.69330
-11.89839 0.17910 4.17421 0 5.26422 -29.53452 0.34973
2.02312 0.13910 0.76592 0 -21.28252 -21.14366 0.33952
-7.04084 -0.19576 3.78393 0 -10.47244 -28.11277 0.53218
6.92603 -0.20420 7.04473 0 -28.54390 9.23286 1.00675
2.77451 0.24313 0.73320 0 28.37302 -9.74535 0.24875
6.07278 0.03708 2.73415 0 8.40017 -28.79995 0.44435
-11.90598 -0.05506 14.05909 0 -23.73641 18.34620 1.17674
0.25844 -0.07942 0.43896 0 -18.49214 -23.62288 0.42501
24.10782 0.14740 5.21952 0 25.62927 15.59297 0.21655
-0.93658 -0.02470 1.16384 0 26.03282 -14.90947 0.84949
-0.04101 0.01524 1.11922 0 24.99144 16.59602 1.11828
0.07305 -0.07163 0.35787 0 -18.03601 23.97295 0.35692
0.62768 -0.13009 0.49652 0 29.70203 -4.21774 0.42057
-0.00108 -0.11784 0.36037 0 17.06788 24.67159 0.36037
-1.65672 -0.23414 0.62802 0 -21.97354 -20.42458 0.32465
-5.20955 -0.04350 3.46000 0 17.86170 -24.10311 0.65232
0.15188 -0.09317 0.33963 0 17.49488 -24.37066 0.33578
6.71953 -0.02958 8.59801 0 25.49793 -15.80681 1.26566
17.18438 0.02988 41.30767 0 21.63700 -20.78077 2.39975
-13.39759 0.23883 8.24600 0 24.36134 -17.50785 0.61386
-2.18604 0.00551 1.56568 0 22.90719 19.37165 0.65144
1.13153 0.17767 0.35360 0 -22.87539 19.40918 0.23428
-0.49587 -0.21237 0.49022 0 18.60493 -23.53416 0.43922
2.97258 0.23913 2.12343 0 -0.78784 29.98965 0.67708
-3.42545 -0.09774 3.10942 0 28.57704 -9.12976 0.87146
0.89708 -0.20086 0.66489 0 28.98894 -7.72278 0.49498
0.88054 -0.19749 0.27513 0 3.60780 29.78227 0.20659
-2.44398 0.18964 0.71579 0 -13.07839 26.99918 0.27129
-12.13663 0.23129 3.01607 0 -23.15796 19.07116 0.24787
1.75133 -0.02387 2.62541 0 -22.14302 -20.24072 1.30185
-5.81557 0.24346 8.25343 0 -27.92435 10.96496 1.39871
-0.26729 0.06080 0.81272 0 -23.62069 -18.49494 0.79041
-10.12353 0.25060 14.93461 0 -12.18901 27.41219 1.46813
-13.99406 0.02591 9.17023 0 -1.25924 29.97356 0.65370
-12.99016 -0.23566 6.80154 0 -16.95794 24.74729 0.52214
-3.42352 0.24323 1.17975 0 22.86304 -19.42374 0.33085
9.35235 0.00444 11.82471 0 -22.60365 -19.72498 1.25723
0.67409 0.24871 0.65605 0 27.43006 -12.14874 0.54403
-0.20050 -0.08602 0.44999 0 29.99602 -0.48847 0.44121
-3.55539 -0.14154 0.90141 0 14.14669 -26.45508 0.24420
-0.76455 0.21185 0.54071 0 22.61693 19.70976 0.42961
-0.46276 -0.25507 1.03139 0 22.38391 -19.97400 0.93603
1.25778 0.25824 1.03752 0 -16.99556 -24.72147 0.64572
3.88925 -0.06180 2.47752 0 25.92081 15.10337 0.61700
-6.10438 -0.16739 5.90815 0 -29.79008 -3.54274 0.95517
-3.26238 0.09740 1.87024 0 29.99822 -0.32654 0.54822
-5.36079 -0.17824 1.00623 0 20.11063 -22.26123 0.18462
1.53409 -0.10220 1.26186 0 -14.93571 26.01777 0.68911
2.93657 -0.02380 2.01829 0 7.63054 29.01336 0.65068
0.91713 -0.23948 0.93851 0 7.30419 29.09723 0.69171
1.24871 0.19236 0.93493 0 29.99370 -0.61483 0.58446
-2.46517 0.04436 1.62163 0 -25.22160 16.24410 0.60967
-1.60567 0.09049 1.66477 0 20.01788 22.34468 0.88013
2.17364 -0.18409 1.87224 0 13.68242 -26.69815 0.78254
-12.71854 -0.10688 3.60870 0 -25.98347 -14.99530 0.28303
-16.51291 0.20921 12.68630 0 29.86247 2.86927 0.76692
0.96032 0.04292 0.82558 0 -17.77179 -24.16947 0.59552
1.64581 -0.10016 0.92728 0 -13.48772 26.79704 0.48157
1.17954 -0.00011 0.93105 0 26.27551 14.47749 0.60212
-1.84657 -0.03099 0.53225 0 -21.03770 21.38727 0.25358
-1.02966 -0.01672 0.81043 0 4.42559 29.67177 0.56467
-8.15591 0.05317 3.53635 0 -19.00388 -23.21319 0.43048
-4.15534 -0.11835 2.87742 0 10.90673 27.94715 0.67327
6.74260 0.08536 4.58005 0 25.97565 -15.00884 0.67199
-1.23557 -0.07503 0.55173 0 -6.98465 -29.17558 0.34722
5.16866 -0.15479 0.93061 0 20.02029 22.34252 0.17697
-0.30909 -0.04642 0.43935 0 28.58273 9.11194 0.41976
0.33952 -0.16188 0.49957 0 -29.57885 -5.00913 0.47306
-0.91816 0.18723 0.89272 0 17.04288 24.68887 0.65762
0.17343 -0.09786 0.73219 0 -17.83574 24.12232 0.72142
6.00375 0.23047 9.80390 0 0.90299 29.98641 1.61082
23.22257 0.09086 5.46566 0 -29.64848 4.57907 0.23535
17.89105 0.01041 13.74880 0 -26.69603 13.68657 0.76734
10.28362 -0.11934 3.09045 0 19.16043 23.08415 0.29927
3.83662 0.10535 1.47500 0 25.92669 15.09327 0.37208
-0.34082 0.19355 0.35194 0 19.12386 -23.11446 0.33313
-7.87697 0.11350 4.78892 0 24.73339 16.97821 0.60320
-4.88661 -0.24046 1.41784 0 16.18366 25.26043 0.28445
1.16293 0.22955 1.08470 0 -25.96547 -15.02646 0.70726
0.56121 -0.19035 1.16328 0 -20.91180 21.51038 1.01446
2.54996 -0.14722 0.50734 0 -29.89310 -2.53039 0.18790
1.91087 0.07700 1.43954 0 -17.83315 -24.12424 0.68721
0.59442 -0.03337 0.82503 0 -28.38056 9.72336 0.70921
2.01613 0.19403 0.69048 0 -7.47118 -29.05480 0.30694
-25.31727 -0.18441 7.67237 0 -6.52277 29.28231 0.30297
-17.34301 -0.00046 8.60005 0 6.03573 -29.38656 0.49516
-11.67084 0.17926 7.34368 0 -13.89099 26.59023 0.62701
-2.35446 -0.17750 1.48362 0 20.31710 -22.07295 0.58009
-3.45295 -0.03703 0.84197 0 13.71153 -26.68322 0.23439
-4.71174 0.04252 3.13236 0 -11.37029 -27.76178 0.65036
0.27049 0.06520 0.75800 0 -9.48048 -28.46262 0.73171
5.61177 0.24128 1.70937 0 -25.41817 -15.93476 0.29996
-5.25004 0.15463 3.69723 0 -20.33346 22.05789 0.69190
2.38000 -0.00220 0.87979 0 3.95355 29.73835 0.34091
0.47861 0.13555 0.90555 0 29.88832 2.58615 0.81683
0.56434 0.19548 0.46938 0 -25.88843 15.15880 0.40881
0.76855 0.20238 0.41472 0 -23.40850 18.76279 0.32890
-3.94988 0.25563 2.04244 0 -25.65291 15.55404 0.50144
-4.33001 -0.03879 4.49906 0 2.17797 -29.92084 1.01249
7.25051 0.09834 4.45861 0 26.53561 13.99504 0.60925
-7.77155 0.16800 3.29658 0 -29.99935 0.19711 0.42083
-0.17429 -0.26193 0.98235 0 22.35432 20.00711 0.96776
1.23163 -0.07678 0.60530 0 6.33533 -29.32343 0.38161
-9.34495 -0.20469 6.35049 0 29.15421 -7.07335 0.67578
1.52958 0.16466 0.55164 0 -6.21814 -29.34851 0.30200
8.71111 0.20149 2.54030 0 6.85080 29.20730 0.28988
3.09492 0.04121 1.37113 0 17.20584 24.57558 0.42178
-1.59037 0.08573 1.40462 0 27.32612 12.38076 0.74774
-1.32683 0.24497 0.86223 0 -20.37232 22.02200 0.51903
8.06478 -0.05575 3.14394 0 -29.94383 -1.83489 0.38700
17.16191 0.12032 4.53320 0 23.75848 -18.31761 0.26388
17.73293 0.22854 4.01476 0 29.99111 0.73011 0.22626
-0.69599 -0.12079 0.52434 0 0.10534 29.99981 0.43040
6.62181 -0.09378 3.84297 0 -13.84749 -26.61291 0.57393
0.54333 -0.06645 0.53866 0 20.55917 21.84767 0.47333
-5.45953 0.17214 3.29019 0 6.91163 -29.19297 0.59285
-4.28246 0.23282 2.47999 0 20.07520 22.29319 0.56402
-13.64413 0.02718 6.56401 0 -20.80147 21.61710 0.47990
11.85485 -0.03696 2.72406 0 22.74881 -19.55740 0.22918
6.17317 -0.10575 4.10782 0 11.30914 -27.78675 0.65694
3.58998 -0.22341 1.08911 0 27.71393 11.48643 0.29231
-4.78796 -0.12408 1.47909 0 16.91505 24.77663 0.30251
3.46247 -0.06999 1.50907 0 2.74060 -29.87456 0.41884
18.53644 -0.06494 12.56842 0 -29.84281 3.06702 0.69454
19.40794 0.21563 4.39139 0 -22.16341 -20.21838 0.24229
-8.92105 -0.20314 3.10467 0 -10.28714 -28.18110 0.35278
-1.23153 0.25654 0.99841 0 -29.97767 -1.15723 0.62940
-4.44384 -0.05126 2.94416 0 24.09717 17.86970 0.64640
10.46903 0.06789 7.05831 0 -26.79429 -13.49318 0.67123
-21.64642 -0.26089 12.27667 0 -29.52478 -5.31857 0.56663
-1.53832 0.23285 0.69334 0 18.80597 -23.37382 0.37798
-6.57762 -0.13511 4.35842 0 -7.58436 29.02546 0.65516
16.40555 -0.23910 6.46675 0 11.00249 27.90959 0.39357
0.77484 -0.12449 0.55697 0 -26.93348 -13.21317 0.44030
-16.07484 0.10124 10.01504 0 -19.31118 22.95818 0.62190
4.19975 -0.23348 0.91506 0 25.88050 15.17234 0.21220
26.02427 -0.11553 10.57980 0 -23.23289 -18.97980 0.40636
0.16582 -0.09200 0.29867 0 29.18961 6.92579 0.29465
-0.09225 0.08476 0.44699 0 -14.82458 -26.08125 0.44510
-3.14933 -0.01042 1.53040 0 23.98561 18.01917 0.46328
1.32138 0.22950 1.30162 0 -16.51799 -25.04308 0.78552
1.64957 0.04965 0.66855 0 -19.44876 -22.84176 0.34668
-14.36099 -0.23304 6.88286 0 -7.87451 28.94809 0.47822
0.44312 0.09413 0.40723 0 24.61952 -17.14291 0.37233
0.46580 0.09596 0.43644 0 20.04584 22.31960 0.39565
12.61637 -0.24485 12.52157 0 -0.93572 29.98540 0.98943
-13.59907 -0.13741 5.42926 0 23.05489 -19.19562 0.39828
2.19295 0.10881 1.34946 0 7.97473 -28.92064 0.55995
24.61911 0.24979 17.20882 0 -26.25757 14.51000 0.69850
5.59753 0.24805 3.90310 0 -9.91056 -28.31573 0.68645
-5.19771 0.08514 2.74620 0 5.07963 -29.56683 0.51893
-0.12517 -0.12630 0.25299 0 15.26482 25.82606 0.25103
-0.17744 -0.01149 0.87127 0 24.46757 17.35909 0.85787
-3.85332 -0.07806 1.57094 0 26.61040 13.85231 0.39470
21.68412 -0.03247 7.73826 0 29.85426 2.95350 0.35662
18.42919 -0.03549 7.65885 0 -14.96594 26.00040 0.41509
-0.04646 0.01073 0.33134 0 29.90265 -2.41484 0.33098
-0.82260 -0.16773 0.77248 0 8.83525 -28.66947 0.59660
-0.11964 -0.22920 0.69157 0 29.14783 -7.09956 0.68667
1.40354 0.17836 0.38972 0 -20.60647 21.80305 0.22628
-16.82029 -0.19126 5.57079 0 29.96142 -1.52088 0.33076
27.03660 0.06787 14.21218 0 -5.89427 -29.41526 0.52540
5.29269 0.17020 2.51107 0 1.53056 29.96093 0.46629
23.31788 0.07685 14.26399 0 7.38913 -29.07578 0.61124
4.26275 -0.18469 1.09646 0 29.44882 5.72423 0.25063
5.36481 0.23862 2.70117 0 -8.25277 28.84253 0.49504
5.56651 0.23996 3.89496 0 -11.57520 -27.67697 0.68874
2.69846 -0.11535 1.34384 0 -11.37899 27.75822 0.46702
4.55726 -0.15856 2.20236 0 28.94651 -7.88033 0.47210
-21.86010 0.03590 15.04267 0 -5.70304 -29.45293 0.68749
4.55326 -0.20132 3.24300 0 -7.85862 -28.95241 0.69574
12.24755 -0.25882 8.40724 0 13.63531 -26.72224 0.68424
22.24255 -0.20632 15.22248 0 26.63416 13.80657 0.68377
-26.47637 -0.06794 12.59526 0 -13.37170 26.85512 0.47548
-4.82766 0.22933 2.01411 0 -7.08186 -29.15214 0.40872
2.26510 0.20686 1.59487 0 -28.81893 8.33482 0.64419
4.44393 0.19964 6.06030 0 28.45824 9.49359 1.33048
2.28097 0.02671 1.09163 0 20.47563 21.92598 0.43838
1.05613 0.08888 1.07741 0 6.81282 -29.21619 0.74081
-3.83706 0.04155 2.58236 0 13.60928 26.73551 0.65136
9.00559 0.08338 17.05740 0 -10.75193 -28.00707 1.88255
-1.90285 0.04191 0.68855 0 -24.28900 -17.60808 0.32042
-0.48737 0.17769 0.70934 0 -13.62398 -26.72802 0.63766
0.06892 0.08362 1.23091 0 15.29537 -25.80798 1.22800
-9.49509 -0.10690 2.29443 0 20.37562 22.01895 0.24052
-5.44870 -0.16906 2.60709 0 20.47069 -21.93059 0.47074
-1.07819 -0.22643 0.90362 0 -24.70092 17.02541 0.61452
10.58964 0.17006 4.97659 0 -4.26863 -29.69476 0.46797
-4.99077 0.18332 3.58256 0 29.65394 4.54358 0.70393
3.96805 0.03301 1.73978 0 -27.28319 12.47507 0.42531
22.78887 0.11011 16.63153 0 12.89133 -27.08899 0.72917
-1.98621 0.13090 0.95975 0 19.14340 -23.09827 0.43169
19.55149 0.14841 14.04204 0 -24.45299 -17.37963 0.71734
-2.68375 -0.11896 1.66023 0 -28.40253 -9.65900 0.57979
1.76632 0.22018 0.71778 0 27.10965 -12.84785 0.35374
8.63074 0.25371 2.42582 0 -20.92338 -21.49912 0.27937
1.99106 0.02072 1.09913 0 -0.34358 29.99803 0.49339
19.84683 -0.06569 10.43871 0 -13.77537 26.65031 0.52539
2.82694 0.15721 1.88795 0 26.87986 -13.32190 0.62967
4.71696 0.00671 6.43400 0 26.57993 -13.91069 1.33441
-0.68061 0.26374 1.21879 0 29.62348 -4.73810 1.00759
-2.20326 0.19891 2.05433 0 -23.21893 18.99688 0.84910
-5.99781 -0.00536 2.60987 0 -11.80636 -27.57915 0.42939
-7.94566 -0.21232 6.35253 0 -0.43251 -29.99688 0.79330
-1.22405 -0.07072 1.21237 0 21.72473 -20.68903 0.76707
6.06474 -0.14156 1.99422 0 -29.68165 4.35886 0.32459
4.68661 0.11194 0.85532 0 -7.63576 29.01198 0.17865
19.56675 0.10087 10.92427 0 -10.87728 -27.95862 0.55767
3.92220 0.02237 1.15388 0 -23.38236 -18.79535 0.28519
-3.70487 -0.05657 1.07060 0 -28.58394 9.10816 0.29270
-3.34961 0.02700 2.15449 0 -27.67643 -11.57649 0.64910
1.64844 0.08977 1.06000 0 13.78255 26.64660 0.54984
-1.80015 0.21946 0.63264 0 -18.77192 23.40118 0.30731
2.57937 0.19597 3.11140 0 -12.67361 27.19153 1.12479
0.02769 -0.05132 1.29026 0 -9.16879 28.56455 1.28977
-1.53304 0.04929 1.30882 0 25.64882 -15.56078 0.71511
-17.09967 -0.16907 14.97969 0 3.06345 -29.84318 0.87459
0.69664 0.02022 0.69430 0 25.63452 15.58433 0.56972
16.62831 0.08860 11.14540 0 -24.96315 -16.63855 0.66913
6.76769 -0.04469 1.46607 0 29.13876 7.13670 0.21452
-3.91815 -0.10724 1.89711 0 -28.65712 -8.87522 0.46925
0.83159 0.24749 1.92945 0 -26.74604 -13.58857 1.48352
-1.61421 0.20651 1.69095 0 0.51459 -29.99559 0.89054
-2.49483 0.24666 2.34393 0 22.77676 -19.52484 0.87209
-23.29533 -0.25986 36.10757 0 -29.44681 5.73459 1.54860
0.70186 -0.21246 0.62963 0 -14.06305 -26.49964 0.51538
3.46475 -0.01017 1.57440 0 -2.35124 -29.90772 0.43673
10.95526 -0.18154 2.94083 0 -29.97689 1.17722 0.26751
13.55853 -0.25617 10.42335 0 -28.91039 -8.01184 0.76675
5.10990 0.25821 4.72930 0 -29.73679 -3.96524 0.90832
-1.31426 -0.13224 1.54244 0 -16.04295 -25.35002 0.93403
-9.32616 -0.03603 4.39481 0 21.73605 20.67714 0.46865
25.75287 -0.23600 10.86805 0 13.62712 -26.72642 0.42181
-1.96873 -0.06006 0.81532 0 -13.95100 -26.55879 0.36933
-1.27927 -0.24223 1.44427 0 -24.37478 -17.48914 0.88950
1.58863 0.05264 3.43863 0 21.04287 21.38218 1.83184
1.48265 -0.19326 2.17381 0 15.92778 25.42255 1.21555
0.58101 0.00940 0.71582 0 29.98820 0.84133 0.61896
0.43723 -0.16956 2.30406 0 29.97773 -1.15562 2.11109
0.05774 0.14181 0.25989 0 -20.62351 21.78694 0.25946
-10.09632 0.05133 2.38243 0 29.26026 -6.62096 0.23503
-8.62786 0.07963 5.42749 0 -9.30398 -28.52080 0.62496
-2.36233 0.11468 5.65740 0 -19.59173 22.71925 2.20539
-5.02404 -0.09652 2.77967 0 -1.78907 29.94661 0.54267
0.98075 0.25298 1.57470 0 8.68618 28.71498 1.09448
-0.32168 -0.12519 0.78269 0 29.98780 -0.85536 0.74510
-3.19783 0.12806 1.01225 0 9.57183 28.43203 0.30220
-1.36448 -0.17804 1.75081 0 28.85085 8.22364 1.03498
-2.09212 -0.21763 0.81397 0 24.17922 17.75853 0.35111
-5.58165 -0.08933 3.63526 0 -28.92506 7.95871 0.64114
-3.75969 -0.04106 8.85045 0 -27.01483 13.04603 2.27496
-5.15826 -0.03745 2.30568 0 -28.71288 8.69313 0.43887
-9.66804 -0.24316 2.41659 0 -3.12370 29.83693 0.24882
-4.81522 0.21874 2.15322 0 9.74045 28.37470 0.43769
-7.36108 -0.15420 2.80095 0 13.79666 26.63930 0.37717
-4.92393 0.09052 1.53811 0 26.45751 -14.14215 0.30634
2.46421 0.24850 1.61812 0 29.84211 -3.07385 0.60851
-1.63213 0.20739 1.13166 0 -29.37651 6.08447 0.59129
12.63176 0.01863 7.03910 0 -21.21099 21.21541 0.55560
2.29136 0.01108 0.86129 0 5.82372 -29.42931 0.34464
1.75359 0.22200 0.98235 0 -29.15597 -7.06607 0.48669
0.67162 0.05104 0.64062 0 28.62473 -8.97913 0.53184
-0.61128 0.01206 0.30638 0 25.12980 16.38577 0.27133
-0.67378 0.04780 0.73143 0 29.68908 -4.30797 0.60661
1.87109 -0.10701 1.22086 0 -21.10192 21.32391 0.57552
-4.27856 -0.12383 5.12909 0 -29.06216 -7.44250 1.16739
-6.04371 0.03523 2.03769 0 28.48809 -9.40365 0.33272
4.36802 -0.02050 1.48814 0 -29.61763 -4.77451 0.33223
1.83116 0.07749 1.10953 0 29.94155 1.87185 0.53186
0.09787 0.02803 0.82329 0 3.83447 -29.75394 0.81938
0.38614 -0.23080 0.62826 0 -23.18341 19.04021 0.58609
-7.43093 0.08578 4.67963 0 16.21127 25.24272 0.62420
-3.28605 0.22506 0.90723 0 1.06134 29.98122 0.26428
22.54438 0.15811 9.09523 0 21.23780 -21.18858 0.40316
9.53226 -0.08214 3.10731 0 -26.64844 -13.77900 0.32435
8.89515 0.22233 2.58406 0 24.93396 16.68226 0.28885
6.01187 -0.13338 3.22343 0 -24.36160 17.50750 0.52901
-0.60550 0.07110 0.29730 0 29.94138 -1.87455 0.25436
-1.89795 -0.10443 2.19333 0 16.80574 24.85090 1.02244
-20.38142 -0.02326 25.77888 0 -5.40807 -29.50852 1.26334
1.24329 0.24078 0.86858 0 25.06484 -16.48495 0.54442
1.36084 -0.23617 1.10743 0 -9.27105 28.53152 0.65582
3.44108 0.11262 2.07185 0 24.80955 16.86671 0.57823
3.05304 -0.18695 2.15086 0 -28.60463 -9.04296 0.66955
1.08308 -0.14269 1.59813 0 1.03633 -29.98210 1.08414
3.41335 0.01264 3.11928 0 27.29222 12.45531 0.87705
-2.86111 0.09151 1.10028 0 2.85863 -29.86349 0.36311
-0.74733 0.22259 0.57389 0 -23.56127 18.57058 0.45973
-0.95439 -0.15024 1.77839 0 1.28506 29.97246 1.28652
13.37682 -0.20933 7.24089 0 -13.88707 26.59228 0.53988
-13.50311 0.16045 14.53454 0 -10.97312 27.92115 1.07349
3.34435 0.18022 1.45610 0 -19.24689 -23.01211 0.41727
-0.13726 0.04969 0.71435 0 27.27207 12.49937 0.70772
1.31244 0.01483 0.67591 0 29.87596 -2.72527 0.40971
-5.31442 0.09907 1.26709 0 24.53313 17.26631 0.23452
-10.30749 0.01520 8.06924 0 -8.19579 28.85878 0.77926
2.99764 -0.04091 3.66099 0 -12.14980 -27.42959 1.15861
-0.52520 -0.13318 1.25065 0 -10.22104 28.20515 1.10724
-12.12617 -0.14083 5.47512 0 -29.54934 -5.18039 0.45009
0.79005 0.00481 0.73400 0 23.02553 -19.23084 0.57597
5.82939 -0.06524 3.59987 0 24.25442 17.65569 0.60875
15.41596 -0.06673 7.16634 0 16.51950 25.04209 0.46399
-1.90218 0.24581 0.68174 0 -24.90989 -16.71818 0.31735
-3.67771 0.23306 1.47027 0 12.52496 27.26032 0.38591
-7.86388 -0.24428 5.91241 0 26.99128 -13.09468 0.74590
-0.46387 -0.16030 0.61805 0 12.47469 27.28337 0.56068
2.43475 -0.08090 1.18212 0 22.04213 -20.35054 0.44920
4.69818 0.24625 3.67877 0 28.66317 8.85567 0.76599
1.13193 -0.00303 0.92603 0 -5.83418 29.42724 0.61316
6.18121 0.17806 4.36517 0 -7.27069 29.10562 0.69720
-3.32976 0.16190 1.87437 0 6.72312 29.23696 0.53927
1.37188 0.11685 0.84681 0 22.43583 -19.91566 0.49885
3.95962 0.16347 3.68144 0 1.05429 -29.98147 0.90152
0.41815 -0.15694 0.60853 0 24.30193 -17.59023 0.56143
1.26262 0.21410 0.67198 0 3.49675 -29.79552 0.41726
8.04311 -0.15290 3.50391 0 -26.18450 -14.64144 0.43242
4.18890 0.06336 2.42960 0 -16.79472 -24.85834 0.56432
-2.83793 0.21820 0.57295 0 10.64412 28.04822 0.19051
-0.69133 0.05886 0.73574 0 -5.05940 29.57030 0.60522
7.07082 0.06909 2.15464 0 29.97583 1.20406 0.30188
-0.39743 0.13874 0.72461 0 28.77903 -8.47156 0.67340
8.03575 -0.03481 6.27912 0 11.02611 -27.90027 0.77548
5.94023 -0.01916 3.87810 0 29.91461 -2.26186 0.64387
-1.05578 -0.10802 0.46715 0 -26.28140 -14.46680 0.32133
11.47597 -0.03741 9.34620 0 -7.59579 -29.02247 0.81140
7.45755 0.00126 2.95612 0 -5.70635 29.45229 0.39300
0.26218 -0.00034 0.35968 0 7.70777 -28.99294 0.34793
-1.31606 0.02362 1.05171 0 4.68548 -29.63185 0.63634
-0.54130 0.13418 1.12912 0 -26.22828 -14.56287 0.99744
-8.51386 -0.01414 2.93659 0 8.17730 28.86402 0.34270
0.23964 0.25442 0.40881 0 -12.64719 -27.20383 0.39756
-24.27354 -0.15284 13.26071 0 -7.71973 28.98975 0.54593
-1.46195 -0.18266 1.06897 0 6.08679 -29.37603 0.60357
-19.42418 -0.15340 4.96452 0 19.00766 -23.21010 0.25544
-7.63538 0.02740 5.58986 0 14.61144 -26.20126 0.72597
-0.14757 -0.02306 0.66855 0 -1.33135 29.97044 0.66139
0.34802 0.01039 0.44951 0 29.12244 -7.20301 0.42364
25.53727 -0.26327 11.28029 0 -25.21018 -16.26182 0.44149
-5.11620 0.12708 3.97036 0 -28.83711 8.27171 0.76173
-16.95175 -0.22532 13.60298 0 25.10187 16.42851 0.80112
4.86395 0.24044 1.30179 0 22.96889 19.29844 0.26235
0.65033 0.07507 0.33034 0 -12.39957 -27.31759 0.27697
-22.88541 -0.12043 18.14831 0 28.36410 -9.77127 0.79232
-2.02603 0.24420 1.07731 0 -29.61894 4.76641 0.47689
1.14291 -0.03657 0.49325 0 -4.82250 -29.60986 0.32489
1.22637 0.01549 0.74594 0 -12.55814 27.24506 0.47144
-2.85913 -0.00278 3.04388 0 -29.03519 7.54704 1.00498
17.28885 -0.08943 11.18408 0 -1.01233 -29.98292 0.64589
-1.31858 -0.09871 1.51377 0 26.83595 13.41015 0.91476
2.01869 0.06224 1.79823 0 26.46620 -14.12587 0.79827
2.16951 0.19269 1.23700 0 -26.14905 14.70467 0.51794
0.97476 0.09285 0.83720 0 -29.99754 -0.38400 0.59954
2.55411 0.02169 2.03563 0 -24.53571 -17.26265 0.74227
1.05792 -0.07976 0.86355 0 -29.96679 1.41129 0.59324
1.04747 -0.17194 1.00154 0 -26.88028 13.32106 0.69163
-0.38632 -0.19737 0.66658 0 -23.75907 18.31684 0.62180
-1.62101 0.09605 0.90512 0 27.55652 11.85910 0.47530
0.74742 -0.10105 0.61270 0 28.62533 -8.97722 0.49080
3.43823 -0.10518 2.30380 0 -27.36964 12.28426 0.64346
-5.20507 -0.21545 2.48768 0 25.70524 15.46740 0.46942
-0.95551 0.21533 0.35978 0 -28.64337 8.91951 0.26019
1.29682 -0.11895 0.80926 0 29.20319 6.86832 0.49422
-5.78010 0.02355 3.75861 0 -11.57363 27.67763 0.64086
-7.59908 -0.05187 5.28400 0 25.56882 -15.69189 0.68947
-5.49155 -0.25912 2.29485 0 -29.32619 6.32257 0.41120
10.17639 -0.20517 2.21947 0 -22.58092 -19.75100 0.21728
0.51655 -0.21995 0.88490 0 29.29593 -6.46133 0.78621
-0.92222 -0.19670 0.49494 0 25.62643 -15.59763 0.36389
-3.06630 0.00557 1.11679 0 -28.07158 10.58237 0.34640
-3.04538 0.11226 1.26547 0 -21.42084 -21.00352 0.39490
0.46863 0.00165 0.33537 0 1.69629 -29.95201 0.30371
0.17373 0.24238 0.39098 0 -26.92460 -13.23125 0.38425
2.10675 -0.00235 1.69405 0 3.31501 -29.81628 0.72648
3.65073 -0.00439 3.46908 0 -28.80507 8.38261 0.91651
15.30447 0.16061 6.36424 0 23.79461 -18.27065 0.41507
9.27079 0.04207 3.10505 0 29.94283 -1.85122 0.33314
-0.72048 0.22886 0.49464 0 0.25725 -29.99890 0.40137
7.19176 0.04470 3.22837 0 -13.69183 -26.69333 0.44473
-6.91713 0.14358 3.54433 0 -23.59732 18.52476 0.50722
2.66370 0.22731 1.91473 0 29.85293 2.96696 0.67306
0.34960 0.00281 0.54090 0 -23.82846 18.22647 0.51060
-8.34308 -0.13309 2.70068 0 -27.98861 -10.79991 0.32155
-16.16584 0.13489 3.73497 0 14.60651 -26.20401 0.23081
-0.59504 0.19427 0.43410 0 12.09338 -27.45451 0.37309
0.56397 -0.08753 0.89942 0 29.99022 0.76595 0.78343
0.13807 0.25199 0.44512 0 26.48684 14.08713 0.44094
-16.66263 -0.25356 8.40804 0 24.86466 16.78537 0.50379
13.79131 0.04063 1.03306 0 27.83788 -11.18269 0.21444
1.89977 0.19560 1.43626 0 -29.97377 1.25431 0.67534
9.53754 -0.24571 7.53586 0 16.93903 -24.76024 0.78588
4.10802 0.12419 0.89257 0 0.14831 -29.99963 0.21118
15.26221 -0.05179 3.70915 0 -21.26526 21.16102 0.24271
1.87551 -0.01649 1.09901 0 14.13574 -26.46093 0.51715
0.22875 -0.13779 0.69019 0 -23.10005 19.14125 0.67282
-7.95563 -0.16570 4.25498 0 -29.92838 2.07170 0.53075
-10.48926 -0.22728 8.45150 0 -19.68194 -22.64114 0.80215
-12.59518 0.25885 3.51375 0 4.42132 29.67241 0.27827
0.10552 -0.04310 0.89420 0 26.25478 14.51504 0.88927
-3.99862 0.02506 1.63740 0 20.56587 -21.84136 0.39737
-4.37809 -0.00842 1.78155 0 28.13056 10.42456 0.39681
